17
-50
94 -80 46 90 -27 -60
96
24 -83 -45 72
50
34
-27
40 31 79 48 52 89 27 62 80 -52 -57 -100 -73 -15
51
-87 5 74 -72 -31 45 2 -100 75 7 -31 -97 35 9 -25 16 -36 -47 57 74
-58
-9 -93 91 71 51 -37 8 -12 53 -41 -40
91
-63 -31 43 20 0 -63 -9 44 -56 -30 -98 -38 -76 -100 100
-62
13 12 -53 65 81 -24 55 79
86
-33 -57 -77 -12 -16 73 22 -38 29 0 40 -100 56 33 93 -96 31 -24 96
35
2 -45 -73 52 79 -41 -44 -83 66 4
-58
18 10 -14 66 -20 -17
88
89 -54 -18 15 -71 87 -1 19 -27 -99 -78 -60 -76
-83
-79 -33 -52 94
-48
-46 -43 -97 -36 -96 92 -28 8 -74 63 46 72 16
59
39 -59 90 -16 8 -15 -55 -100 -100
41
30 41 10 20 95 -90 -94 47 3 52 13 67
-41
-73 44 -46 -8 55
49
-78 43 65 99
29
83 -6 -57 11 58 31 20 -87 30 86 57 75 87 -75 -83 71 16
-40
-46 85 -99
45
35 40 -36 -10 85 -30 38 60 16 -30 -28 4 -43
-23
-86 10
57
-19 69 1 -69 -28
37
44 -62 48 -87 69
69
40 -55 50 -80 52 39 53 58 37 -40 -3 20 69 16 37 35
50
17
-32
-96 35 -58 -44 82 28 -46 -80 -62 39 -54 28 63 75 18 58
-57
70 49 -66 21
29
-13 -100 28 -75 -94 67 -6 -96 -49 89 -61
6
99 25 -92 -40
61
42 -60 -39 -51 61 -36 26 -16 -58 78 -33 -98
5
-32 -53 -14 45 22 42 -36 -80 -77 -82 -4 -87 67 54 -49 -81 22
-93
-19 -31
74
32 82 12 -16 -8 -39
54
56 -48 -13 18 -66 -91 53 74 -51 87 74 23 -12 40 -70 -42
-71
77 -69 -47
100
-12 90 -1 69 53 -81
50
-88
19
55 -94
76
-53 -84 54 -40 17 -94 -30 -47 -60
-93
49 90 -73 -13 -90 -78 -83 12 -87 -90 67 31 67 32 95 60 -28 -26
95
29 -10 -85 3 92 -90 -91 -54 -36 -60 79 100 48 55 12 -41
32
8 80 95 -1 -52 -98 5 -57 71 38 -34 93 13 67 59 -38 -8 -61 -66
-27
34 72 -77 -2 82 -15
-81
18 5 41 87 -47 -42 -30 -77 55 70 -34 -28 31 -69 -8 88 -62 28 29 30
-53
89 79 59 -20 -50 -17 38 -91 70 -43 64 31 7 18 43 -90 14
57
-93 9 -2 15 -50 8 -81 43 -24 36 94 1
0
-55 -31 3 -85 63 -84 43 98 68 -51 97 57 96 -1 -48 16 32 37 42 -65
-92
21 28 -56 -63 -42 46 72 -29 52 56 -1 82 -29 -97 61 51 96 -72 -95
28
13 -7 94 -96 -85 -42 -8 16 32 -34 -88
-51
-29 38 65 6 87 -71 9 17 20 -55 50 -42 -51 2 17 17 33
30
18 -6 -32 33 -16 8 73 -12 -57 17 -70 -40 -39 -69 14 -51 3 -62 92 -96
-54
100 -8
27
-69 72 26 87 40 64 63 63 -15 -72 13 -60 -29 63 59 -61
-14
-50 -95 -20
10
86 -48 21 -21 72 -18 23 -21 -30
19
44 25 -54 45 -92 -55 -31 98 45 -13 -83 -63 51 -83 -90 -75 86 64 93 -7
-30
69 3 72 52 -32 83 -95 -34 54 57 -5
7
16 57 -98 64 -99 -3 25 91 17 77
-85
61
82
-70 56 42 -76 40 -50 -3 86 10 19
97
-64 15 5 72 -70 -9 52 19 14 -78 -70 -12 74 88 -27 -36 -30 82
-28
0 -73 -84 94 40 24 38 81 -29 -54 -27 -35 -11 -63 91 60
-20
12 -37 -36 -4 -100 -92 35 89 25 -85 -53 97 -29 -35 -96
25
-83 -6 -56 73 69 64 -63 -49 -79 -43 -50 58 -56 90 27 -86 80 7 39
89
13 -57 -88 19 43
-47
-1 -69 6 16 49 61 -17 37 -21 89 -95 -73
84
-37 -63 86 -8 78 68 96 50 67 -3 -33
-95
-67 7 -60 72 -84
-72
-40 -74 34 -23
32
-95 57 -59 -57 -32 -88 41 -91 75 -61 56 -76 63 -69 36 -31 26 -27 52 -30
7
29
-43
-25 42 -94 34 20 16 -85 -98 35 -5 4 57 44
27
4
-34
-88 95 51 21
-95
-42 -13 -47 89 -4 -65 -45 86 -98 58 36 54 29 -89 46 37 -85 68 -49 83
-22
42 -44 95 -80 -20 20 38 -32 80
-93
-99 30 -14 68 17 76 -11
52
-84 -80 -21 -17 -45 -16 53 -94 71 -57 78
-52
50 -89 64 -96 81 59 88 -61
82
-17 -55 7 -60 0 -32 48 -62 39 -79 -37 24 97 -19 42 70 12 23 89
-3
-35 -47 26 -26 -42 99 -1 67
-62
24 -67 0 -14
-84
24 -90 59 -82 -50 10 -58 -28 79 20 27 34 -22 82 -50 -52 -81 -81 -82 87
35
17
-18
-48 -45 5
37
58 53 17 86 73 18 -26 53 -15
-35
10 -3 26 -79 33 14 -46
-74
-78 37 -54 50 7 66 63 -46 40 -83 25 -98 -82 -90 -76
-35
-43 89 -61 55 -98 22 -87 63 33 -78 -51 96 -64 -65 -26 -30
-19
89 -26 -8 59 -40 18 -15 -18 76 -73
-87
-25 -4 78 74 -2 -73 84 14 -54 2 -71
98
-13 -11 97 92 -27 70 -27 -85 19 59 44 -19 -12 13 42 95
41
19 -98 89 -33 -46 -78 41 -72
-88
-47 -46
96
-33 -68 -15 -25 -4 23 88 -43 57 33 26 34 35 -21
-72
32 -59 94 30 -53 39 48 -54 -41 10 -54 -59 8 -52 79 -7 -57
-22
-2 -61 36 46 55 28 55 44 51 -29 13 -39 -91
3
-10 37
-40
