20 20
26 36 10 14 13 2 2 30 15 4 50 10 16 7 2 1 15 19 24 5
13 36 58 82 87 91 92 117 123 126 128 135 155 164 192 228 239 252 283 295
13 13
46 22 40 15 32 30 29 42 20 32 6 49 45
7 139 148 155 166 179 208 255 267 272 287 298 346
17 14
32 24 7 39 33 16 29 32 47 37 4 5 9 37 20 17 48
15 43 62 88 108 129 132 133 174 184 207 245 270 329
17 10
22 41 10 10 48 36 23 16 18 37 3 46 14 14 40 28 32
72 91 108 147 204 228 247 321 389 396
19 10
15 15 48 43 25 3 28 36 16 43 45 21 43 19 26 45 39 39 37
74 125 165 198 253 450 457 503 555 574
16 20
21 27 43 33 24 40 15 28 49 22 9 26 40 35 36 3
46 65 97 99 160 169 280 283 287 299 300 301 361 388 390 418 422 423 424 442
17 13
36 6 35 10 4 31 24 22 12 33 17 9 14 41 11 23 4
21 27 61 68 75 123 139 145 177 194 248 319 320
20 12
45 14 33 44 4 15 30 39 41 9 14 48 46 40 34 1 1 32 17 44
5 14 54 116 126 216 246 381 382 461 485 498
20 12
15 36 33 15 29 8 35 32 35 27 35 8 4 8 45 23 44 40 18 31
43 74 105 127 143 238 268 289 338 343 399 521
12 17
40 16 28 17 44 8 34 29 7 16 25 47
6 63 92 102 103 119 135 167 167 171 191 221 230 243 246 250 275
11 20
42 15 32 22 9 26 2 2 4 17 17
20 31 47 68 76 77 81 83 87 90 91 97 119 125 127 137 147 147 152 159
12 19
42 23 3 8 36 44 7 49 11 11 30 25
21 23 40 42 43 48 88 124 130 151 152 164 170 185 221 238 248 255 277
17 16
15 37 46 11 10 35 44 12 5 44 1 31 7 32 17 16 22
102 106 150 150 158 159 171 231 238 253 262 351 362 365 369 375
14 10
1 6 7 12 45 22 20 2 10 10 37 42 5 6
26 26 41 56 106 109 112 167 175 211
20 17
18 23 29 8 36 29 49 34 11 34 13 1 2 28 30 25 5 12 50 37
6 58 71 105 114 158 219 229 270 290 311 315 353 366 392 422 424
10 15
34 12 17 20 46 49 23 46 13 49
13 24 57 132 157 165 168 195 203 207 217 224 226 303 309
13 18
47 33 23 11 2 12 30 39 26 22 37 7 49
24 50 65 69 76 93 114 126 143 171 195 195 202 254 278 294 308 325
17 19
25 27 42 35 31 14 41 7 49 9 23 14 29 15 25 36 20
25 49 73 74 79 115 168 170 193 209 229 272 277 319 336 361 395 408 410
17 10
41 40 13 13 46 29 19 4 27 17 11 25 8 11 48 29 14
20 72 106 114 122 133 204 270 290 302
18 20
28 47 47 20 10 30 21 45 39 6 9 44 43 48 40 39 30 8
12 40 77 82 86 110 134 142 166 265 334 357 451 471 509 524 527 530 533 536
10 20
3 19 43 27 17 15 25 49 7 8
15 23 42 56 67 68 71 86 91 102 104 108 128 161 169 178 184 191 199 206
12 19
13 34 49 48 22 25 33 46 1 20 10 16
9 21 34 54 100 101 101 125 133 136 165 192 202 250 290 291 300 311 316
19 18
31 35 11 10 30 20 24 28 35 27 5 47 7 20 43 18 26 46 1
6 144 145 168 180 204 213 217 238 250 278 318 319 360 407 439 454 459
11 11
22 45 11 34 42 9 48 9 41 49 46
2 14 15 57 87 98 163 186 223 291 355
16 17
21 32 2 22 10 41 7 9 32 9 25 15 44 7 30 27
18 36 68 79 81 114 139 141 181 199 210 213 218 242 253 297 320
15 16
12 29 40 18 12 45 34 12 15 5 37 22 43 42 11
38 49 68 104 148 183 192 228 247 251 287 291 306 325 334 362
14 12
43 34 25 42 21 20 39 50 8 37 8 50 22 33
11 31 61 92 104 115 169 208 209 226 269 343
14 10
12 1 42 40 43 43 38 12 6 15 50 8 43 38
4 36 43 51 69 93 174 248 274 329
13 12
50 37 40 13 36 12 46 26 49 4 38 19 35
16 137 139 165 174 184 199 228 232 286 344 397
18 15
50 38 5 6 30 25 9 39 37 33 21 16 33 28 23 9 40 31
11 56 66 112 221 225 303 338 344 357 414 414 437 439 473
14 20
43 3 10 49 47 9 33 24 32 36 34 24 50 39
18 21 32 69 87 134 168 184 188 203 237 239 250 257 267 270 286 370 383 428
20 10
34 1 2 37 36 22 10 6 6 12 49 22 16 23 32 33 2 28 18 48
44 171 251 252 303 306 327 358 390 397
18 11
23 36 42 37 39 6 14 1 35 16 39 43 22 40 37 47 1 46
65 135 136 203 227 231 321 324 345 448 512
20 10
11 3 7 31 5 9 32 14 49 25 6 46 38 49 17 2 21 15 22 3
18 75 157 194 230 353 364 388 390 395
16 18
37 49 27 32 14 30 10 27 31 29 45 38 26 14 35 15
22 33 74 90 151 154 160 167 205 257 285 333 337 337 350 376 412 417
11 15
4 24 35 18 17 50 12 37 3 33 9
13 15 20 23 30 94 95 121 122 124 128 134 207 237 238
10 10
26 34 6 44 31 37 12 40 29 37
6 98 156 189 192 205 241 244 264 269
17 19
41 33 13 19 47 43 41 17 18 28 46 16 45 44 24 10 31
31 34 89 105 121 132 148 155 224 228 229 280 307 334 363 410 414 424 511
11 14
46 43 26 7 45 11 43 19 12 37 33
24 104 109 152 152 181 182 193 193 201 249 261 263 297
14 20
33 43 8 44 39 8 21 30 39 12 4 17 18 45
11 34 44 62 80 81 84 98 109 113 147 177 188 202 250 256 268 304 333 347
14 10
48 7 44 6 40 18 15 3 16 36 29 38 39 48
6 68 121 147 167 249 263 283 297 360
12 16
31 45 38 16 43 31 7 23 22 50 2 19
3 13 15 33 56 95 95 101 101 106 118 147 164 171 231 309
18 12
2 34 27 19 20 12 9 12 25 25 24 34 47 5 19 12 10 42
14 43 46 128 154 164 179 180 191 252 256 315
17 10
13 37 3 8 49 46 42 36 46 40 35 42 28 6 19 27 33
59 79 102 115 139 236 284 328 330 445
20 20
44 49 5 27 49 1 2 2 8 49 2 4 47 39 47 28 12 33 43 46
4 17 20 27 77 125 145 170 179 237 305 352 404 429 462 478 494 507 514 515
12 18
25 13 42 26 50 2 4 15 47 39 1 41
6 11 12 13 22 31 54 96 107 115 135 158 186 211 221 285 293 305
18 16
47 46 5 36 10 49 27 21 10 49 19 45 43 50 41 6 49 47
31 62 63 97 126 160 185 198 201 246 250 272 493 542 580 581
12 10
3 49 45 34 13 39 35 17 31 26 30 23
96 125 162 173 220 296 331 336 336 341
10 16
29 12 38 23 48 29 27 43 39 31
5 21 23 79 111 113 120 136 145 159 164 170 187 236 262 283
18 12
39 8 17 28 18 13 25 32 32 11 16 15 22 48 29 48 5 23
2 19 60 84 173 182 198 202 204 208 382 415
12 11
12 29 41 20 46 50 7 36 31 49 7 44
118 195 206 206 243 260 261 275 300 309 313
11 11
32 3 41 5 36 32 21 7 42 16 21
15 16 16 65 79 93 110 117 121 188 199
15 11
16 33 8 25 4 35 15 23 19 16 29 34 49 6 41
19 48 67 133 193 201 225 246 254 323 346
19 10
6 48 18 3 30 41 45 41 22 16 43 1 48 17 25 14 2 15 12
52 104 118 221 252 263 299 314 319 342
13 13
45 6 6 24 7 24 36 19 48 21 25 41 21
48 51 82 89 134 146 149 150 180 194 213 253 270
13 17
7 25 41 5 28 11 11 49 35 8 38 12 35
5 9 38 38 72 143 144 152 156 159 193 194 210 215 217 223 280
17 20
25 27 41 42 8 44 16 38 25 42 18 27 26 39 1 46 28
40 46 73 104 113 131 137 141 235 247 250 291 315 321 330 366 380 384 415 438
16 18
26 26 5 39 42 11 1 18 50 36 42 24 43 29 18 32
27 31 93 166 177 219 222 222 240 261 268 322 334 348 353 364 385 428
13 18
33 38 12 23 47 13 17 28 9 13 36 47 9
6 24 26 78 117 146 147 148 169 189 211 224 234 243 244 265 279 289
12 15
28 31 49 45 20 1 37 40 18 2 47 20
4 28 129 130 160 222 223 251 270 276 286 291 295 312 328
19 14
14 7 50 29 14 27 32 2 50 16 37 40 36 31 17 4 24 10 31
22 31 49 80 129 157 161 201 243 265 269 275 318 396
18 17
9 6 35 32 44 11 18 12 24 5 16 10 6 17 42 20 43 20
7 20 37 101 109 121 186 225 232 252 275 276 302 306 309 351 364
10 13
28 33 47 19 14 10 25 43 46 19
2 5 38 102 108 128 153 164 170 172 179 179 259
14 10
3 46 4 19 8 5 41 36 20 49 47 4 33 41
31 109 166 169 193 240 273 290 316 344
10 12
43 17 7 3 25 10 21 26 1 21
11 14 23 43 70 88 94 99 138 145 151 172
10 10
27 33 30 16 15 43 4 11 20 5
3 20 41 64 74 98 125 135 150 179
13 15
4 11 4 17 42 11 33 15 40 5 45 41 5
40 71 78 85 89 107 125 156 175 189 237 247 253 260 272
18 10
27 16 3 40 27 6 47 7 42 32 20 28 47 35 4 38 31 4
125 155 182 208 236 248 258 275 324 365
10 18
26 44 1 31 19 15 14 34 23 12
5 17 27 29 30 55 65 75 100 106 118 152 165 180 181 193 195 200
20 15
38 5 13 20 5 8 46 3 32 44 7 45 17 49 17 27 19 35 35 46
5 9 18 78 124 216 235 347 356 411 441 450 451 454 499
12 12
17 4 44 17 13 8 5 43 18 48 32 40
12 19 21 107 107 149 175 190 239 257 271 286
12 11
47 23 49 38 30 4 38 41 41 22 47 31
7 55 79 83 111 132 285 309 323 328 353
11 12
37 8 35 2 33 27 43 18 12 8 26
5 10 12 53 86 114 116 118 153 160 193 208
16 11
1 18 2 36 29 21 36 36 36 45 2 5 4 21 28 21
18 74 94 118 146 148 197 218 219 280 324
15 11
6 40 23 28 7 37 11 14 25 22 30 25 25 48 22
41 72 95 111 128 148 185 253 266 266 279
11 16
10 6 24 12 22 2 6 45 36 28 28
3 5 10 21 27 60 61 62 113 118 131 136 159 162 162 192
19 18
28 10 3 35 24 24 30 29 23 21 41 43 25 28 44 5 4 47 46
111 117 146 155 186 192 231 233 249 284 299 315 352 376 397 408 426 498
15 19
3 17 40 1 29 38 35 34 4 43 45 47 21 5 41
16 20 21 40 43 77 160 165 179 202 223 237 248 262 264 266 317 365 371
16 18
17 4 15 20 14 5 19 12 43 16 22 30 30 15 6 47
2 30 48 59 65 78 134 138 153 174 195 238 242 243 249 269 298 302
11 12
37 17 30 32 1 9 1 27 18 46 10
35 39 41 65 79 105 135 150 154 157 175 216
20 14
43 42 14 1 26 37 19 34 8 48 48 29 25 32 7 41 39 39 24 46
87 154 154 168 231 248 312 414 418 420 420 485 531 558
10 14
4 34 46 26 33 45 1 21 48 1
9 45 48 91 92 106 113 121 125 125 144 189 222 233
14 15
46 33 25 33 4 1 12 5 10 24 13 41 31 36
16 51 69 76 95 139 163 175 210 214 226 249 262 298 311
17 20
14 19 22 9 39 2 44 29 21 19 13 45 48 8 34 44 45
17 26 74 81 111 166 173 227 229 232 238 266 304 319 342 409 420 431 434 447
12 15
25 23 27 8 14 29 36 7 6 42 40 5
6 13 36 42 70 100 114 141 207 214 218 223 224 244 262
13 15
32 34 25 6 36 6 48 43 29 7 22 9 41
15 126 145 177 207 222 236 236 242 250 266 287 295 313 320
16 15
47 30 30 12 31 24 4 6 40 40 40 43 11 37 12 9
35 113 113 286 288 294 299 327 329 331 341 342 390 410 414
12 14
13 50 7 45 29 42 45 50 35 40 7 9
4 6 9 47 60 98 111 129 150 226 250 263 273 351
19 19
11 5 19 1 45 1 7 6 9 47 32 34 36 48 48 12 30 47 33
61 70 96 114 148 200 211 224 233 270 296 312 340 370 389 410 421 439 466
14 15
10 31 34 8 46 46 34 13 15 28 36 5 17 41
22 23 29 135 139 140 150 186 223 289 301 313 325 353 364
17 20
41 49 38 19 49 45 44 5 48 43 7 21 30 20 42 23 44
2 34 69 85 98 120 132 132 149 199 209 255 297 303 356 362 366 422 447 557
18 14
21 6 34 1 47 17 4 6 18 43 43 1 9 20 28 23 9 33
24 55 91 135 155 156 183 190 219 237 247 273 297 316
14 17
32 5 27 48 20 40 27 8 31 3 30 5 39 44
33 85 86 90 114 128 147 188 205 223 225 314 333 345 346 346 359
13 15
48 27 44 49 10 8 41 35 30 8 10 43 41
19 21 21 69 123 166 168 171 229 284 297 305 364 366 377
15 10
46 28 43 50 24 31 11 8 19 45 12 11 3 21 26
27 43 58 64 86 89 135 156 283 293
13 12
28 24 46 10 14 4 21 16 4 19 16 34 42
12 15 16 89 91 151 186 202 219 238 251 265
10 15
17 46 24 13 17 31 17 19 5 24
8 10 37 45 49 50 54 77 84 126 134 169 183 183 188
13 19
28 43 7 48 16 23 38 15 48 33 41 27 1
7 17 48 48 66 160 160 188 188 190 191 223 237 254 310 311 339 340 346
14 14
9 12 50 46 9 45 34 32 4 22 12 34 28 41
169 176 180 185 207 220 257 267 270 285 288 304 356 374
12 17
8 18 27 40 48 28 9 22 26 12 5 31
29 48 71 74 115 142 177 183 192 205 207 218 239 241 268 269 274
