19
7 8 9 11 13 14 15 16 17 18 19 20 21 22 23 0 1 3 4 5 
5
1 2 3 4 6 7 8 9 10 11 12 13 14 15 16 17 0 
11
0 2 3 4 5 6 7 8 12 13 14 
15
13 14 15 17 19 0 2 3 4 5 6 7 9 10 11 12 
14
11 13 14 16 17 18 19 20 21 22 0 1 2 3 4 6 7 8 9 10 
8
5 6 7 8 9 10 11 15 16 17 0 2 3 4 
3
16 17 18 19 0 1 2 3 4 5 7 8 9 10 12 13 14 15 
5
5 6 8 10 11 12 13 14 0 2 3 
18
4 5 6 7 8 9 10 11 12 13 14 16 17 18 19 20 0 1 3 
1
7 9 10 11 12 13 14 16 17 18 19 20 0 1 3 4 5 
8
6 7 8 9 10 11 0 1 2 3 4 
2
9 10 11 14 0 1 2 3 4 5 6 7 8 
8
7 8 9 12 13 15 16 1 2 4 5 6 
3
19 20 0 1 2 5 6 7 8 11 12 13 14 15 16 17 
11
13 14 15 16 17 18 19 20 0 1 3 5 6 7 8 9 10 11 12 
15
2 3 4 6 8 9 10 11 12 13 14 15 0 1 
1
11 12 13 15 16 0 2 4 5 6 7 9 10 
3
11 13 14 16 17 1 2 4 7 8 9 10 
20
7 9 10 11 12 13 14 16 17 18 19 0 1 2 3 4 5 6 
14
11 13 14 0 2 3 4 5 6 7 8 9 10 
1
4 5 6 9 10 11 12 13 14 0 2 
9
8 9 11 12 13 14 15 16 18 19 20 1 2 4 6 7 
13
11 13 0 2 4 5 6 7 8 9 10 
16
4 5 6 8 9 10 11 12 13 16 17 18 19 20 21 22 0 1 2 3 
8
5 7 8 11 12 15 0 1 2 4 
14
12 13 14 15 17 18 19 21 0 1 2 3 4 5 6 10 11 
1
3 4 5 6 7 8 9 11 13 0 1 2 
8
12 13 14 15 16 17 18 0 1 2 3 4 5 6 7 8 9 11 
13
4 5 6 7 8 11 12 13 15 16 0 2 
21
19 21 0 1 3 4 5 6 7 8 9 10 11 12 13 15 16 17 
15
18 19 20 0 1 2 3 4 6 7 8 9 10 11 12 14 15 17 
12
16 17 19 20 21 22 23 0 1 4 6 7 8 10 11 12 13 15 
2
1 2 3 4 5 6 7 8 9 11 12 13 14 15 16 0 
11
0 1 2 4 5 6 7 8 10 11 12 13 14 15 16 18 19 
9
0 1 2 3 5 6 9 10 11 14 16 17 
0
5 8 9 10 11 12 13 14 15 16 17 18 19 20 21 0 1 2 4 
13
11 12 13 14 15 16 17 18 0 1 2 3 5 6 7 8 9 10 
14
11 12 13 14 15 0 1 2 3 4 7 8 9 10 
20
0 1 3 4 5 6 7 8 9 10 11 13 14 15 16 18 20 21 
12
4 6 7 8 9 10 12 13 14 15 0 1 2 3 
10
3 4 6 7 8 9 14 15 0 1 2 
0
10 11 12 13 16 18 20 21 0 1 2 3 4 5 6 7 8 9 
16
9 10 11 13 14 18 0 1 2 4 5 6 8 
19
3 4 6 7 8 9 10 11 12 13 14 15 16 17 18 20 0 1 2 
16
14 16 17 19 20 21 22 23 0 1 2 3 4 7 8 9 10 12 13 
4
16 17 18 0 1 3 5 7 8 9 10 11 14 15 
6
13 14 19 20 22 0 1 2 3 4 5 6 7 8 9 10 12 
11
10 12 13 14 15 16 18 19 20 21 22 23 24 2 3 4 5 6 7 9 
10
7 8 10 11 12 2 3 4 5 6 
12
2 3 4 5 6 7 10 11 12 13 0 1 
2
3 4 5 6 7 8 9 10 11 12 14 0 1 2 
11
8 9 11 13 14 15 1 2 5 6 
7
13 14 15 16 17 18 19 20 21 0 1 2 4 7 8 9 10 12 
2
19 0 2 4 5 6 7 9 10 11 13 14 15 16 17 18 
6
11 12 13 14 15 16 0 1 2 3 5 8 9 10 
5
11 12 14 15 16 17 18 19 21 22 23 25 0 2 3 6 7 8 9 10 
16
13 14 15 18 19 0 2 3 4 6 7 8 9 10 11 12 
14
6 8 9 10 11 12 13 14 15 0 2 3 4 5 
8
11 0 1 2 3 4 5 7 8 9 10 
17
4 6 7 8 9 10 12 14 15 16 17 1 2 
0
5 6 7 8 9 10 11 12 14 15 17 18 19 20 0 1 2 3 4 
7
13 14 15 17 18 0 1 2 3 4 6 7 10 12 
7
9 10 11 12 1 2 3 5 6 7 8 
12
4 11 12 13 14 15 16 0 1 2 3 
0
15 16 17 18 0 1 2 3 5 6 7 8 9 10 
15
5 6 7 9 10 11 13 14 15 16 2 3 4 
1
1 2 3 4 5 6 7 9 11 12 13 14 15 16 17 19 21 22 0 
8
12 13 14 16 17 0 1 2 3 5 6 7 8 9 10 11 
1
5 6 8 9 11 12 0 2 3 4 
9
13 14 15 16 17 18 20 21 0 1 2 3 4 5 6 7 8 9 12 
0
17 18 19 20 21 0 1 2 4 6 7 9 10 12 13 14 16 
10
1 2 5 6 7 8 9 10 11 13 14 15 0 
19
14 15 16 17 18 19 20 21 22 23 1 2 4 5 6 8 9 10 11 12 
4
14 15 16 0 1 2 3 4 5 6 8 10 12 13 
1
17 18 19 20 21 23 24 0 1 2 3 5 8 9 10 11 13 15 16 
15
11 12 13 14 15 16 17 19 20 21 1 2 3 4 5 7 9 10 
8
10 12 13 14 15 16 17 18 0 1 2 3 4 5 6 7 8 9 
14
1 2 3 4 5 6 7 8 9 10 12 13 14 16 19 
6
1 5 6 7 8 9 10 11 12 14 16 17 18 19 20 0 
5
10 11 13 14 16 1 4 5 7 8 9 
4
2 4 5 7 8 9 10 11 0 1 
3
8 9 11 12 13 14 0 1 3 4 5 7 
0
11 12 13 14 16 18 1 2 3 4 5 6 7 8 10 
10
15 16 0 1 3 4 5 6 7 8 9 10 11 12 13 14 
7
18 19 0 1 2 3 4 5 6 7 8 9 10 12 13 14 15 16 
6
14 15 16 17 18 19 0 1 2 3 5 6 7 8 9 10 12 13 
11
3 4 6 10 11 12 13 14 15 0 1 2 
5
13 14 15 16 17 2 3 4 5 7 8 10 11 12 
7
0 1 3 4 5 7 8 10 11 13 14 15 
4
16 0 1 2 3 4 6 7 8 9 10 11 12 13 14 15 
3
10 11 13 14 16 17 2 3 5 6 7 8 9 
5
8 9 11 12 15 0 1 2 4 5 6 
6
6 7 8 10 11 12 13 14 17 18 19 20 21 22 23 0 2 3 5 
5
5 6 7 8 9 10 12 15 16 1 2 4 
10
18 0 1 2 3 4 5 6 8 9 10 11 12 13 15 17 
15
2 3 5 6 7 9 10 11 12 13 14 0 1 
0
11 12 14 15 16 17 18 20 21 1 2 4 5 6 7 8 9 10 
1
1 4 6 9 10 11 12 13 14 0 
4
8 10 11 12 0 1 2 4 5 6 7 
1
4 5 6 7 8 9 11 12 13 14 15 16 17 19 20 21 0 1 2 3 
