39 55 121 47 43 64 36 54 19 109 20 35 104 5 37 65 72 52 31 65 104 80 46 43 121 123 74 83 37 73 35 72 49 87 26 68 112 78 66 52 51 92 67 4 34 67 97 71 117 117 61 94 104 10 99 84 42 42 52 59 64 11 49 58 52 100 57 42 84 82 76 98 52 79 52 108 69 67 121 107 41 31 8 29 81 46 90 86 2 71 1 86 84 86 42 19 10 115 78 110 68 119 105 74 91 100 52 101 37 21 39 75 58 27 65 44 40 93 8 116 61 79 73 1 68
88 81 47 28 93 131 182 156 119 192 104 95 106 78 57 114 139 119 94 137 58 103 150 90 167 85 134 115 146 25 139 65 146 120 174 18 68 154 163 22 162 102 161 116 134 131 178 168 175 32 140 28 98 110 15 4 50 176 124 21 160 16 50 165 143 96 36 37 13 190 152 64 184 29 133 68 118 154 168 85 166 41 120 59 63 13 82 161 82 22 11 7 148 134 120 75 144 55 46 70 88 112 179 112 115 16 181 51 66 167 172 55 19 117 22 39 109 188 85 54 18 19 49 97 150 148 92 38 139 106 169 134 70 139 97 51 105 95 158 158 91 82 51 24 114 40 153 31 121 177 43 124 56 158 121 116 91 30 20 159 102 77 22 71 74 82 69 191 24 58 68 60 169 113 88 24 12 87 8 171 117 121 48 37 19 185 85 166 185 162 85 149 36 39 125
5 5 13 14 14 10 5 13 10 13 12 7 2 4 15 14
7 9 86 4 1 86 68 58 73 18 78 3 29 31 70 15 63 84 42 14 78 69 63 44 3 20 64 74 41 17 11 28 33 16 24 1 39 18 5 31 52 65 55 40 47 14 25 21 27 14 41 72 35 79 36 85 16 40 54 82 2 45 5 23 80 52 74 29 2 52 27 88 19 34 40 41 72 46 23 48 10 28 26 35 23 47 37 17 52
57 42 28 26 9 15 26 8 8 1 46 45 38 31 34 46 44 7 5 4 31 15 15 50 46 20 50 49 33 56 6 12 57 57 31 47 22 47 25 52 27 60 62 1 33 43 26 56 43 36 25 38 37 43 33 60 36 38 13 27 28 6 38
163 67 21 98 35 123 30 24 80 126 95 129 26 167 120 110 141 60 176 24 47 62 148 118 133 170 43 117 91 38 161 55 78 67 58 3 3 102 61 166 163 118 45 64 28 9 18 171 176 174 33 136 140 126 14 139 40 39 15 150 45 24 92 52 85 60 167 58 87 94 19 147 106 112 7 155 37 64 19 63 152 129 118 150 98 57 3 5 124 83 50 99 27 128 117 123 96 132 159 151 176 125 29 60 160 159 73 78 131 40 166 169 133 9 30 166 27 135 57 27 82 28 109 101 119 102 41 96 100 149 61 124 145 169 151 69 145 107 115 80 107 118 139 158 5 109 47 129 162 66 168 128 104 142 86 173 112 97 159 88 6 158 55 32 94 11 43 170 105 116 10 15 170 148 154 39 50
23 36 26 11 33 91 12 93 37 70 56 79 71 74 8 88 61 55 63 44 58 69 91 73 98 40 66 21 36 9 34 80 19 4 64 17 1 79 94 22 83 50 50 71 8 21 86 13 97 14 82 7 80 77 45 75 11 71 36 43 85 60 3 70 63 79 6 33 34 97 101 57 41 40 55 85 39 34 35 45 46 73 88 100 64 79 73 82 28 49 9 95 54 14 33 10 18 78 46 62 2 8
66 127 95 41 73 24 80 20 78 127 33 50 77 114 126 97 86 4 112 126 27 25 24 130 34 3 117 123 85 70 131 108 128 124 31 70 39 1 11 24 43 13 72 79 66 68 100 28 122 66 33 90 112 42 97 51 75 72 127 79 26 38 104 56 50 52 27 102 41 57 54 107 87 115 29 3 97 121 115 118 103 60 89 120 69 105 79 105 96 70 84 121 127 50 83 110 69 36 32 132 11 55 24 84 32 50 77 86 87 119 3 110 33 126 71 111 93 73 82 129 67 70 125 122 108 61 48 20 109 59 20 95 77
123 127 21 124 83 32 148 13 149 162 119 172 17 27 152 190 127 110 151 62 121 178 185 178 188 49 185 152 168 9 11 21 34 178 178 90 7 97 8 143 23 150 81 48 102 26 163 75 83 32 104 107 104 182 6 144 90 168 105 17 168 87 106 107 63 36 170 93 167 47 184 62 134 172 9 45 107 133 178 56 194 82 75 168 43 82 126 162 118 76 129 52 103 14 147 137 1 99 188 95 114 179 8 16 161 36 128 135 141 162 23 114 59 64 44 158 190 184 176 98 12 99 26 79 188 55 100 137 96 104 151 192 44 179 123 87 171 94 190 9 171 187 80 10 31 163 180 160 142 169 118 23 135 32 97 50 171 51 39 153 25 2 127 131 76 5 146 118 166 132 90 93 91 190 166 49 87 73 187 95 13 173 37 179 75 45 103 45 48 44 159 57 30 190 107
243 133 131 167 228 135 96 66 165 220 111 225 66 199 77 71 226 13 56 194 13 36 130 193 198 59 223 123 235 136 246 39 171 77 82 222 58 10 153 114 61 79 74 155 184 209 212 221 169 183 196 84 106 168 73 228 82 33 228 204 226 71 179 238 48 48 212 81 171 135 65 136 147 132 87 122 168 137 198 192 101 15 145 152 195 223 184 12 96 225 74 223 139 178 123 62 76 9 15 229 247 214 243 122 1 128 11 48 220 49 134 225 24 179 230 185 186 30 165 38 122 109 145 185 174 185 116 83 5 94 186 89 76 216 42 82 176 56 19 227 59 142 152 147 62 7 19 80 165 104 241 43 177 94 243 205 166 26 159 206 230 28 180 236 128 64 246 234 125 214 178 136 191 6 184 128 84 121 19 121 55 147 179 229 242 49 54 72 110 48 209 64 171 206 152 12 193 91 136 229 244 121 119 141 158 222 177 127 24 102 221 99 129 158 111 38 198 243 180 141 80 85 5 49 203 61 148 203 73 165 214 3 203 27 2 66 23 115 175 42 194 169 140 211 61 229 43 100 139 161 18
39 122 112 170 51 103 60 205 214 10 90 138 235 67 183 256 174 12 19 150 93 107 178 83 140 15 211 114 197 252 136 128 154 248 51 111 69 108 116 41 51 206 104 71 97 139 154 155 146 171 208 63 167 259 134 194 46 64 108 217 62 143 93 190 181 120 231 204 119 128 14 213 103 32 166 198 153 131 255 68 175 39 212 66 7 14 85 79 214 114 28 20 12 146 94 86 215 188 110 228 228 255 77 56 258 152 140 214 120 143 244 109 181 183 112 170 158 220 5 256 247 86 193 177 129 28 218 217 246 110 248 139 144 151 21 209 38 113 242 19 153 243 163 69 76 223 185 73 185 93 77 77 36 246 49 199 106 84 115 98 162 50 148 128 35 199 132 144 85 219 238 154 26 213 258 85 217 217 240 13 224 95 75 145 98 59 72 76 13 186 242 67 13 141 169 131 231 214 135 8 204 81 32 181 221 6 149 99 240 31 183 124 207 242 31 189 217 186 169 151 96 42 173 87 173 72 123 78 19 145 141 71 143 12 5 148 88 118 185 104 175 11 206 98 216 14 146 208 84 19 169 140 91 156 68 186 34 226 5 226
100 140 17 75 108 75 116 27 46 136 159 110 98 37 9 106 58 25 42 123 62 117 75 95 131 60 119 55 49 160 51 154 47 129 147 115 67 132 154 154 31 71 103 83 11 99 2 79 112 154 30 117 13 150 1 23 121 127 142 52 76 43 53 87 139 33 19 150 26 109 51 73 47 106 155 104 140 25 62 34 72 64 98 59 51 1 60 133 50 71 89 33 126 157 77 145 14 144 52 76 134 119 71 111 44 10 97 111 134 68 27 139 42 106 92 19 151 119 4 124 3 54 134 26 156 12 82 36 144 59 116 73 100 100 20 124 28 117 77 130 125 32 148 72 112 108 81 138 149 50 97 132 124 47 1 10 136 33 42 97 41
191 71 117 165 73 26 223 26 160 105 110 206 150 184 46 169 212 31 186 189 114 17 154 206 68 91 209 208 10 131 22 175 65 156 195 193 74 224 135 57 202 135 56 37 51 60 200 209 184 50 105 56 201 11 28 177 134 44 139 228 233 90 29 179 222 172 130 43 19 28 156 78 119 12 74 125 14 135 168 87 213 39 145 210 4 73 174 106 117 59 63 226 210 177 159 85 230 156 24 46 95 95 153 170 126 153 95 173 8 44 157 2 44 143 178 86 166 33 205 172 7 94 80 148 171 17 46 166 98 185 104 121 49 42 32 146 144 65 149 35 151 230 19 190 84 236 19 209 23 60 208 3 194 48 127 43 215 54 3 27 213 61 115 42 43 117 172 180 107 102 50 231 153 75 204 28 223 233 135 20 199 10 150 45 66 132 174 48 22 69 77 105 85 109 153 168 85 145 70 25 3 194 123 223 84 130 71 112 10 149 20 176 68 205 210 109 73 6 128 24 74 204 231 214 235 232 23 232 125 97 219 74 131 23 1 231 160 38
25 12 5 1 33 44 48 30 41 29 2 24 46 18 25 28 42 7 5 10 42 38 4 42 2 3 40 26 18 9 42 15 14 4 51 4 25 8 19 18 4 3 39 40 20 28 6 29 45 22 17 41
134 88 56 117 68 175 243 59 1 120 157 257 20 86 208 198 140 60 1 64 243 76 132 133 243 164 126 67 62 262 110 24 33 111 77 168 89 183 232 38 111 210 4 81 97 123 149 4 240 215 202 107 176 43 187 36 226 197 185 23 221 126 153 178 33 20 262 19 232 5 166 96 193 233 128 31 71 181 105 99 177 235 28 93 64 235 38 122 133 15 140 127 229 263 137 82 84 92 229 71 198 243 66 138 77 258 96 218 2 146 155 155 122 168 71 192 200 146 245 203 260 213 203 162 121 35 81 227 108 16 258 162 103 98 52 32 211 208 235 43 151 12 143 81 44 125 40 15 167 250 132 56 232 158 79 115 144 78 60 41 82 222 127 198 37 166 253 187 131 252 82 96 154 242 166 75 42 168 197 259 248 117 40 174 55 226 129 43 180 175 167 179 27 106 248 33 53 198 254 103 187 58 224 126 111 7 173 27 191 73 109 198 171 133 124 226 137 161 43 244 20 60 158 36 2 224 186 45 117 20 112 19 24 118 4 33 228 259 116 242 141 251 91 189 41 262 255 45 198 140 76 86 13 143 129 255 219 158 43 62 94 91 76 10 88 224
208 182 70 159 64 124 169 183 213 78 221 147 27 40 77 219 204 27 152 97 39 32 194 131 27 187 139 26 213 73 27 116 173 125 147 171 117 208 193 139 46 59 22 12 180 209 211 111 31 213 201 120 135 191 80 42 205 172 54 49 142 41 20 73 105 191 96 207 133 22 79 98 66 67 21 174 4 20 135 175 172 110 123 202 60 174 25 85 13 130 164 167 91 63 94 203 181 185 70 142 72 107 216 124 182 201 115 2 146 85 196 165 156 42 201 34 107 81 101 132 26 109 94 82 41 150 132 224 44 89 145 155 13 64 64 210 42 105 116 93 165 45 188 72 55 142 165 198 157 144 164 213 210 11 132 126 74 210 11 134 157 143 198 211 191 138 213 213 213 120 73 84 42 94 204 24 155 57 192 151 36 120 70 63 53 90 124 43 167 71 7 207 74 7 69 59 11 117 45 115 105 21 58 87 182 166 92 97 7 22 217 115 189 189 107 95 215 137 175 33 83 130 220 217 136
25 83 19 68 35 35 22 87 56 10 52 9 73 25 21 4 20 100 53 7 61 36 20 48 82 87 33 42 103 105 74 100 43 24 54 98 30 105 35 85 83 109 88 70 42 41 16 28 56 44 50 41 65 9 77 48 75 79 77 103 18 64 75 105 78 56 111 58 7 89 64 97 27 28 67 60 62 11 96 57 37 42 48 82 61 3 13 23 36 47 80 51 68 28 44 72 54 113 60 46 39 80 75 59 27 12 2 110 103 55 55 89 81 38
116 82 194 61 215 200 175 80 119 11 112 171 215 25 95 111 53 1 146 34 21 221 218 15 12 150 141 78 192 25 223 226 219 206 66 196 57 200 214 40 199 162 88 175 55 48 102 3 9 139 196 1 55 145 118 72 38 43 37 223 10 118 52 120 215 80 186 165 207 85 175 84 49 91 114 29 4 56 93 25 167 111 154 150 95 163 25 125 118 71 149 71 189 189 34 181 74 8 32 188 205 20 144 97 174 193 222 50 87 18 111 86 85 199 228 14 68 167 25 213 170 106 142 161 218 184 211 139 62 6 195 53 59 63 150 152 160 227 173 126 148 72 162 55 175 168 81 124 138 94 203 59 160 69 178 178 217 198 176 197 98 183 83 191 69 189 155 82 50 145 60 77 44 39 109 213 175 167 90 130 53 159 218 181 167 193 15 196 174 191 194 217 189 213 8 15 106 4 112 133 93 207 219 94 124 158 109 144 140 51 35 112 186 160 177 186 191 26 120 167 17 174 49 48 22 36 180 61 39 123 7
74 21 92 50 117 124 134 129 18 116 55 52 72 44 98 33 107 3 5 59 99 39 74 91 13 105 118 111 85 62 26 36 71 135 69 136 76 73 73 31 28 51 59 92 56 35 100 26 97 87 50 74 97 76 117 129 62 96 6 53 87 124 101 19 17 91 74 40 33 50 89 14 56 118 76 97 80 15 28 58 55 79 59 17 93 46 5 32 28 59 42 82 127 104 126 54 54 2 58 70 36 6 5 5 80 66 113 59 34 124 59 34 40 124 84 87 46 124 136 34 37 13 133 91 48 34 46 122 97 107 97 19 24 71 51 42 33 26 28
7 8 13 6 8 9 11 11 5 3 2 10 6 4 9 3 2
101 136 56 63 125 84 38 110 9 80 121 13 142 132 48 35 63 77 2 106 125 38 111 86 10 7 146 6 49 9 106 83 90 120 56 112 136 30 91 124 42 71 93 121 87 49 121 42 109 111 32 123 35 88 56 77 146 67 38 30 22 119 45 79 63 27 92 122 144 116 124 86 85 71 18 145 9 20 147 89 16 2 51 124 116 61 88 5 19 90 87 92 115 69 56 52 39 18 78 91 38 16 28 48 95 17 72 127 63 124 4 93 106 32 63 38 147 117 69 146 47 94 142 121 85 91 56 7 94 87 25 76 92 120 43 15 75 143 68 74 10 57 9 146 58 112 132 45
67 125 60 65 51 101 23 85 8 22 125 13 6 54 44 60 71 42 7 50 129 78 97 23 38 105 84 138 9 13 19 64 65 72 13 74 39 75 1 88 109 143 14 39 68 7 104 87 136 50 107 32 83 40 144 77 19 144 75 27 142 125 61 49 141 119 131 68 90 48 114 143 133 57 139 95 46 45 47 69 104 149 23 21 55 67 11 146 85 58 123 76 137 3 16 112 14 129 106 20 67 36 41 113 52 114 142 83 149 126 133 88 21 138 105 60 64 101 110 29 61 59 48 10 85 30 140 93 105 35 6 42 40 57 50 11 95 143 13 101 43 25 101 21 112 62 13 92 55 108 142 110 114
13 106 81 92 46 95 73 91 55 18 97 75 106 104 11 96 26 83 92 105 56 85 80 14 18 42 106 43 63 71 9 105 81 9 16 37 23 71 31 70 20 106 31 63 71 61 33 83 64 105 68 88 99 49 46 57 2 95 31 77 77 90 58 20 68 83 22 81 98 6 50 59 41 44 15 50 7 50 24 62 65 13 77 58 43 72 77 14 38 96 37 90 75 30 39 24 35 48 61 96 12 64 24 18 9 75 19 37 4 63 18
23 71 92 79 38 5 33 22 51 30 56 103 3 96 108 55 93 83 85 65 81 11 63 105 21 108 10 73 10 8 74 63 43 30 108 75 12 109 42 34 35 52 57 73 41 17 85 7 15 15 52 35 71 30 27 73 63 57 65 86 102 30 98 48 52 78 2 8 97 87 24 9 106 65 21 13 107 29 89 67 46 39 10 20 15 53 51 99 51 1 95 63 78 85 52 88 67 47 13 68 1 26 40 96 63 70 83 42 56 18 48
49 5 15 23 20 52 18 34 12 18 39 49 35 16 12 47 36 26 1 2 29 52 7 17 35 38 31 37 16 42 39 10 18 9 11 6 27 13 23 43 39 27 41 11 47 49 23 14 41 38 26 36 48
129 128 14 119 181 116 10 33 53 70 37 109 38 64 96 161 79 88 172 21 163 185 199 82 87 189 72 146 167 26 150 41 195 167 85 42 164 76 59 104 43 165 200 52 131 93 192 87 63 180 11 193 29 119 16 5 101 1 93 146 193 90 117 119 170 40 7 7 14 122 81 65 56 136 107 54 202 61 113 193 46 49 4 147 118 30 82 3 163 7 7 144 19 16 117 99 189 9 122 41 161 65 115 108 64 46 7 118 195 95 150 139 62 10 94 14 115 84 77 106 106 44 21 163 197 131 21 176 173 89 115 186 61 69 145 115 40 93 144 121 35 159 155 163 95 51 8 126 155 6 172 74 16 185 165 14 41 86 76 94 203 154 119 14 57 48 53 168 94 97 60 43 173 179 166 141 176 18 3 20 75 139 5 15 153 69 128 14 91 133 37 44 52 8 86 128 119 202 49 121 20 174 115 156
210 238 234 176 171 172 123 92 187 38 57 135 240 209 31 74 19 188 87 44 43 113 181 130 142 253 111 241 236 150 221 103 87 61 17 38 223 252 24 249 141 181 70 195 263 104 109 18 60 137 1 11 32 9 125 209 3 242 191 84 75 103 165 183 211 100 106 56 48 212 30 33 186 231 258 172 113 62 139 120 148 34 249 183 139 119 179 79 106 102 59 188 261 40 9 245 137 256 240 84 99 93 80 200 135 163 193 12 227 208 173 181 145 116 65 147 104 237 239 69 4 160 130 91 181 242 45 261 239 233 120 152 134 241 97 81 187 158 46 165 134 52 187 135 219 236 62 67 64 257 134 143 187 257 88 74 4 20 172 45 205 263 177 108 167 206 1 68 107 199 73 227 89 46 95 115 36 91 76 149 123 90 10 204 256 173 243 47 218 45 139 169 259 171 219 75 42 89 66 73 87 227 185 41 130 199 151 138 160 168 238 73 245 149 171 186 33 171 109 10 30 69 26 62 112 263 163 86 210 35 42 226 92 231 169 60 227 123 251 75 223 67 42 198 31 185 227 38 201 203 9 50 103 15 26 193 59 260 101 141 98 226 36 176 165
8 6 4 3 7 2 7 3 3 8
37 20 26 84 53 37 38 17 87 92 61 90 72 69 45 49 47 23 37 52 22 19 87 58 45 90 90 1 57 31 46 82 7 39 87 89 75 12 67 51 63 69 82 84 62 12 68 84 53 71 46 71 78 86 57 36 61 86 39 90 52 11 84 60 80 50 13 58 31 46 22 61 58 59 16 7 88 63 20 57 32 20 90 86 18 76 83 83 59 54 66 37 66 81
17 162 52 91 171 96 47 183 116 49 141 84 186 59 145 173 92 114 81 41 176 116 141 41 12 204 122 45 21 97 11 203 28 117 101 155 70 150 158 194 52 146 106 181 71 150 189 201 116 118 59 206 104 160 134 156 158 192 57 29 178 173 93 6 97 123 110 127 132 149 5 169 174 38 102 164 28 62 52 10 29 122 168 41 136 157 137 55 202 200 41 1 119 151 195 2 122 67 48 65 31 50 18 148 179 189 171 1 194 90 55 163 72 162 49 155 97 91 101 176 152 133 10 105 77 73 181 20 42 147 165 110 130 55 116 205 104 183 117 29 183 106 103 86 186 101 93 172 192 185 170 15 45 136 71 89 138 129 49 196 71 13 96 92 78 135 93 8 14 201 68 25 142 82 89 207 16 60 80 133 16 195 148 4 47 139 135 96 103 196 39 174 48 62 19 35 80 173 74 178 187 169 111 10 117 101 16 205 33 35
6 12 4 16 8 8 2 12 3 7 9 4 16 7 15 11 14
67 26 178 204 25 111 25 167 189 145 13 188 163 69 27 1 109 53 44 166 196 122 106 15 106 46 205 152 53 11 60 96 194 130 114 55 75 83 145 157 89 3 24 53 39 95 169 201 79 123 178 109 172 32 42 83 137 3 164 185 123 43 172 176 164 206 83 142 131 143 120 204 75 168 98 158 102 194 29 177 78 180 181 193 185 11 112 79 161 113 58 152 123 179 64 168 133 20 129 45 81 124 121 141 191 106 128 90 171 135 174 160 30 123 191 196 27 100 174 35 116 24 138 57 165 77 147 206 199 123 176 95 119 106 128 103 208 58 42 87 171 160 122 107 200 160 151 187 105 18 24 21 104 207 170 27 175 46 170 202 184 186 199 23 144 25 194 73 200 144 95 66 101 84 198 140 121 26 191 2 136 189 110 68 45 42 91 207 124 36 63 130 180 48 69 186 187 203 100 192 150 105 95 163 42 11 190 142 51
5 4 2 11 7 8 7 2 1 9 2 3
11 54 56 36 38 55 24 57 48 56 8 17 11 53 19 48 50 9 5 1 13 52 52 21 49 42 29 53 54 53 15 25 21 41 54 4 38 51 22 6 51 41 45 55 55 44 6 45 59 33 58 40 30 58 47 49 8 12 4 41
27 26 44 26 40 26 37 16 59 52 31 17 12 46 10 51 4 44 34 61 68 16 52 44 46 21 34 57 12 67 4 51 67 29 17 13 40 25 17 14 37 27 9 53 40 4 14 66 34 27 66 4 42 41 3 57 47 7 62 22 51 56 53 33 21 59 64 24 28
91 165 51 158 10 69 95 35 44 146 128 121 45 130 47 195 69 121 178 183 6 14 135 176 100 2 138 26 192 122 33 62 159 36 197 93 43 75 11 163 14 3 143 123 181 93 4 41 148 174 176 25 146 124 131 121 97 84 52 118 163 39 67 34 134 129 3 117 122 77 127 146 167 181 77 112 60 3 32 163 199 126 153 192 203 121 113 203 47 195 39 146 68 83 96 63 181 100 126 121 6 189 121 98 104 153 4 155 42 129 174 37 203 186 185 149 147 180 3 145 80 9 156 171 37 159 168 134 22 112 39 114 23 47 192 110 47 15 125 164 50 152 63 3 11 150 38 126 198 148 173 119 1 163 91 152 83 152 43 63 156 188 31 9 60 161 9 23 38 199 146 84 100 77 40 18 110 82 13 63 120 177 16 201 67 20 188 14 172 172 63 95 201 105 107 164 149 154 161 104 115 143 129 123 95
62 44 5 39 67 46 49 52 93 36 2 98 89 21 17 63 9 107 26 50 70 43 63 127 65 111 17 56 6 123 7 17 88 4 27 116 28 36 26 88 84 48 34 50 12 106 67 98 75 67 55 42 106 121 98 64 45 14 105 52 116 28 18 118 120 36 52 10 57 47 127 23 76 99 54 96 120 80 28 58 6 72 124 99 25 32 105 114 46 69 127 21 2 126 92 18 77 78 38 77 57 8 124 47 69 57 67 7 41 32 64 119 6 87 65 108 37 99 67 42 102 90 78 76 130 5 17 103 43 8 27 35
40 4 145 213 180 164 129 63 220 142 21 165 141 196 202 11 203 60 116 84 48 8 111 176 139 106 4 155 125 31 59 137 60 65 130 55 7 73 182 198 18 24 76 199 161 22 122 169 65 210 112 190 169 220 56 125 21 6 159 156 64 148 193 100 96 194 154 78 201 62 71 19 38 83 194 51 126 40 177 131 97 85 155 153 39 23 195 114 141 128 74 199 20 199 183 197 167 183 197 83 215 11 147 140 210 193 159 20 149 156 46 21 64 214 15 7 79 185 112 218 84 7 4 187 175 178 118 203 173 149 205 115 217 131 98 33 220 107 33 206 108 94 61 34 179 38 178 217 142 93 121 180 140 25 159 187 128 62 148 113 181 98 92 171 72 16 194 77 68 177 67 57 220 58 73 96 137 31 181 11 41 176 139 167 16 16 69 13 218 215 163 156 135 203 151 80 94 136 150 178 213 196 34 212 23 153 17 176 127 154 106 139 114 112 194 202 197 183 19 218 5
53 26 84 30 80 5 30 76 51 65 56 61 18 36 78 5 47 6 63 73 50 4 75 21 28 53 59 68 70 53 12 48 17 25 83 20 77 13 56 10 68 83 22 56 41 14 66 52 1 60 39 61 8 27 13 49 51 45 60 73 56 80 39 17 66 6 48 67 82 59 12 14 6 62 64 47 35 15 37 74 25 78 9 34 45
53 30 25 23 73 40 13 15 55 23 39 60 27 73 21 18 45 68 43 54 21 35 58 4 13 75 9 10 22 26 48 26 27 71 24 50 57 74 43 50 38 29 35 15 69 46 34 37 39 74 40 24 30 33 25 72 64 66 24 2 16 74 52 50 60 28 20 56 43 68 6 46 25 35 70 11 22
42 185 61 160 152 102 20 68 175 204 185 72 152 81 70 216 186 11 172 67 189 189 217 69 38 16 157 163 157 83 172 131 183 86 59 146 51 36 39 65 199 6 86 18 171 83 90 190 214 235 220 201 181 230 33 145 83 31 57 58 91 17 37 108 131 192 167 51 66 32 20 233 73 64 162 31 99 178 149 156 39 16 185 87 228 225 102 217 232 156 80 67 66 104 32 145 146 50 31 67 86 93 52 136 165 24 177 190 70 15 34 189 24 109 142 37 18 202 60 141 122 23 227 46 95 233 8 52 192 127 25 84 198 67 13 92 156 46 210 150 211 179 1 147 131 118 11 128 193 223 8 52 56 217 197 51 98 221 5 169 74 169 113 165 152 122 39 55 234 5 70 142 30 112 216 221 75 98 187 108 194 37 217 60 173 184 203 46 28 93 143 181 79 1 144 41 206 114 191 79 197 176 141 221 189 221 24 233 29 138 135 228 134 170 224 185 71 78 123 122 229 82 144 57 168 120 195 27 195 141 175 45 160 195 185 204
123 80 80 146 113 15 41 80 121 18 118 47 12 16 46 131 147 5 69 78 79 32 81 99 49 28 21 21 59 90 32 103 86 128 115 146 47 45 145 57 70 69 78 10 39 21 39 123 87 7 108 90 38 56 52 51 92 84 104 10 38 18 22 139 88 44 142 91 97 30 110 109 94 139 82 27 74 53 76 28 25 105 50 20 60 85 144 85 1 105 78 107 105 51 133 101 16 145 60 132 109 47 31 66 17 111 124 59 90 69 126 118 24 60 136 116 82 60 39 59 81 71 25 143 72 139 103 26 26 135 47 66 77 103 27 11 69 116 109 33 31 49 101 139 142 37 29 140
66 43 107 49 60 116 101 9 39 46 28 48 8 85 11 8 32 7 34 29 38 58 92 62 88 64 15 52 102 12 87 54 93 36 111 30 49 82 107 46 76 39 61 43 116 43 83 71 31 18 97 47 100 98 16 24 5 112 5 94 73 8 113 14 6 26 40 103 55 68 68 7 55 106 32 120 61 40 87 65 15 35 40 87 20 113 36 21 3 6 95 20 105 105 48 20 30 20 59 113 61 107 57 86 88 102 106 60 12 14 54 87 101 52 13 28 113 81 21 46 92
9 49 58 37 117 41 130 69 28 111 77 56 66 35 114 12 16 89 25 31 114 73 134 20 116 79 2 37 37 47 113 23 19 122 16 46 63 42 46 114 90 133 76 41 76 118 74 54 130 53 125 111 15 69 108 54 108 51 12 36 36 121 42 16 94 42 87 129 63 46 4 121 61 87 16 14 26 39 99 55 64 90 91 9 134 28 27 48 131 42 43 19 82 119 37 75 35 122 27 4 134 117 106 69 97 32 11 40 62 13 55 110 61 77 112 32 82 132 33 21 88 52 105 27 133 57 57 11 91 32 86 111 38 80 95
1 125 96 34 132 184 153 38 2 135 5 50 111 81 165 157 149 131 112 74 20 47 46 115 155 171 94 81 93 149 170 122 54 155 39 138 142 35 94 179 143 152 165 106 95 169 142 3 119 114 92 42 2 86 5 7 145 34 38 152 34 88 87 184 31 24 164 73 34 151 129 40 162 23 83 49 23 70 121 21 33 100 25 174 55 51 129 159 109 65 120 135 26 11 8 72 182 93 137 49 2 65 2 80 113 15 135 71 151 70 80 139 100 20 6 69 84 81 124 55 93 76 16 148 84 56 30 74 43 14 109 94 61 93 78 88 180 150 121 180 73 147 180 63 178 99 184 160 28 55 59 35 80 15 111 158 182 14 9 18 5 176 70 182 20 118 156 174 13 10 63 154 153 143 114 111 170 128 32 44 52 6 150 57 55
214 167 202 56 147 95 44 82 166 125 106 159 15 17 201 142 104 89 55 133 179 88 225 231 160 163 69 49 72 220 110 45 128 188 154 189 46 193 173 150 85 148 96 218 8 92 90 54 183 253 242 157 174 49 5 97 185 94 178 28 134 208 108 36 231 258 131 221 92 90 246 193 116 63 20 145 245 1 216 220 130 182 168 7 78 69 5 76 87 106 171 79 207 88 160 140 150 43 236 27 68 7 132 109 251 208 233 80 220 216 38 68 68 72 189 77 77 23 122 176 207 143 67 178 196 18 88 185 247 191 62 136 18 33 159 51 182 45 202 60 193 73 204 231 239 3 189 96 18 68 194 27 77 74 187 237 39 63 125 18 99 23 138 164 73 56 126 165 108 205 56 96 98 169 250 171 107 98 11 205 222 23 179 130 133 144 171 71 234 214 139 132 198 185 124 205 168 237 78 134 69 43 16 191 150 36 243 182 138 221 146 58 198 39 140 15 236 204 236 73 72 176 123 16 13 47 21 94 29 169 219 244 4 202 191 215 120 19 234 202 124 67 26 23 149 18 167 257 234 213 126 3 172 247 111 14 156 22 127 140
107 145 43 76 78 49 5 15 153 11 87 85 59 101 7 24 144 66 106 129 135 45 4 75 90 113 133 146 32 112 27 16 5 18 80 147 147 142 92 121 79 33 58 153 69 127 36 62 139 20 153 159 10 32 141 148 35 33 124 160 142 123 64 100 121 88 80 97 59 15 6 128 124 24 92 100 36 53 145 35 86 62 51 134 33 71 112 27 40 71 84 70 74 113 107 83 17 18 15 113 38 80 75 131 108 29 97 50 132 15 91 155 54 116 153 121 14 145 158 5 18 77 52 27 18 37 14 137 87 9 41 98 79 159 135 48 99 58 123 50 146 130 73 152 113 63 114 155 149 145 136 132 3 145 111 29 95 150 125 5 27
120 1 101 94 46 11 88 112 16 38 89 46 14 118 13 68 91 34 73 87 22 79 75 17 52 48 22 62 3 26 107 120 55 81 54 85 115 57 74 14 108 77 16 86 113 22 125 90 1 39 76 37 14 96 5 45 33 74 9 67 12 43 48 50 10 48 69 111 70 109 7 67 48 28 9 29 38 116 85 82 94 65 69 119 35 50 69 25 85 57 31 50 75 12 92 30 105 125 91 2 5 88 35 38 8 15 22 100 38 124 100 94 19 73 54 108 67 76 114 97 20 16 28 82 97 29
96 79 104 33 121 92 148 117 41 118 20 19 5 135 121 18 111 142 39 140 27 157 139 66 57 153 141 26 150 120 63 47 64 95 6 32 144 33 66 59 18 156 112 118 20 141 1 120 75 24 4 95 90 18 140 156 23 51 16 159 34 14 74 155 56 132 110 111 73 47 59 97 28 148 32 10 9 156 15 136 160 41 164 8 47 11 99 66 149 31 44 116 78 114 3 77 78 113 50 118 30 126 129 98 138 133 120 118 127 118 31 60 100 93 142 107 144 157 93 27 67 47 55 46 163 121 139 45 41 18 68 143 32 42 63 153 146 163 65 7 146 26 47 30 152 151 161 161 127 49 51 109 40 27 85 150 104 41 142 155 29 16 24 91 86
55 132 153 119 98 50 230 228 115 71 124 128 90 46 28 135 35 6 172 118 72 45 180 178 53 199 140 147 32 106 29 71 149 198 208 199 37 229 233 25 33 186 218 139 191 213 145 19 61 135 29 205 51 165 4 8 160 12 104 151 141 38 152 46 147 11 100 17 217 130 208 231 69 180 95 229 242 14 178 156 135 138 203 120 147 5 200 33 117 188 193 74 97 73 51 30 88 230 86 134 55 151 223 19 182 106 74 116 56 111 230 199 39 236 79 134 113 31 110 230 96 41 168 29 50 163 189 192 195 140 199 159 150 103 69 104 71 242 240 210 197 157 36 41 106 199 55 221 217 17 159 106 17 104 153 95 151 128 179 12 39 117 237 24 82 88 91 122 71 213 64 71 192 139 231 118 176 238 91 188 211 115 99 239 21 130 10 79 146 132 210 70 128 38 19 225 55 197 144 202 21 138 112 200 200 116 223 155 205 23 117 190 161 145 218 115 141 110 31 199 236 2 17 167 59 1 57 49 55 61 137 38 140 138 209 209 152 96 240 179 100 106 20
63 56 16 2 54 62 20 27 56 34 5 23 34 59 10 42 47 44 21 37 47 60 34 40 49 60 64 52 37 6 19 47 7 22 37 29 52 59 21 23 27 6 15 32 4 22 64 26 33 21 20 54 9 28 36 40 64 62 49 51 19 41 22 21 3
27 36 19 34 13 4 23 4 33 26 27 20 27 3 3 11 29 36 27 33 4 33 14 13 28 29 7 10 3 7 19 12 5 4 6 31 36
2 36 91 36 17 16 27 104 75 2 28 81 10 11 66 43 61 74 87 34 109 14 86 30 23 31 79 109 8 92 111 66 57 48 105 20 61 25 40 90 57 31 57 103 51 76 109 66 24 75 1 54 21 46 94 2 86 108 5 45 17 106 48 43 15 48 14 21 101 108 58 75 109 12 46 93 97 106 100 94 32 71 106 37 13 49 52 66 54 99 36 94 107 58 103 51 49 17 111 61 53 37 94 64 108 57 98 58 54 73 89 16 42
110 2 133 30 143 79 13 48 134 43 83 21 19 83 51 19 13 31 12 39 118 109 81 145 67 142 129 5 147 80 22 60 94 4 15 114 148 105 68 14 127 72 147 101 61 54 131 109 65 133 39 138 18 88 86 122 9 100 27 139 3 132 70 101 103 17 66 78 135 119 6 50 142 76 53 70 8 66 97 99 61 134 70 114 30 141 7 12 38 116 148 4 15 24 17 126 84 117 15 24 69 137 23 97 59 128 75 126 137 3 7 51 57 87 96 91 31 5 34 106 20 123 8 70 15 113 59 16 132 42 130 140 93 129 114 75 7 57 37 94 143 139 118 111 95 138 9 27 143
14 2 1 2 8 6 9 2 14 1 6 1 14 5 10 14
130 64 76 7 161 1 134 73 10 55 132 117 213 167 224 53 65 40 77 11 138 211 184 147 118 37 19 51 198 19 174 100 174 108 161 131 217 208 27 86 19 58 13 223 218 188 193 3 96 223 186 17 172 205 170 164 163 70 87 9 168 161 13 200 181 101 32 198 200 128 184 128 183 80 225 138 222 171 173 209 132 222 164 195 16 215 68 129 112 157 53 150 72 145 63 187 26 15 150 225 221 198 39 112 49 158 130 123 222 15 118 10 29 96 101 60 97 92 31 147 25 183 210 193 148 227 87 219 187 93 153 35 201 21 2 9 171 110 158 31 99 115 79 170 90 220 40 216 43 211 33 218 157 114 146 122 96 160 22 72 210 196 194 149 41 181 50 151 162 86 92 70 9 175 93 184 79 126 213 145 124 67 98 52 69 42 179 138 53 131 58 183 127 62 125 168 30 180 102 31 13 193 201 206 136 23 148 150 104 225 135 210 27 29 42 21 112 20 52 123 58 155 130 102 14 164 76 126
72 158 81 219 177 35 114 91 150 35 176 290 65 130 19 98 284 83 89 151 266 203 59 290 9 265 186 137 169 72 279 200 166 108 125 23 284 122 247 116 149 148 23 157 201 40 62 97 39 290 18 197 36 200 127 258 171 54 247 102 99 210 112 223 278 268 142 95 234 9 49 234 80 257 207 131 212 48 223 290 70 290 132 28 269 141 258 257 68 156 210 107 252 96 145 232 193 202 52 281 203 184 109 284 288 267 210 102 214 175 162 166 62 58 176 68 169 211 110 86 196 169 55 73 179 135 289 240 19 259 90 256 153 65 117 159 57 115 125 57 85 256 9 26 241 211 113 290 10 143 262 244 232 288 16 168 241 101 81 238 26 149 6 114 191 23 148 123 171 56 101 157 222 225 264 93 222 114 260 245 247 71 106 175 5 189 129 8 17 157 240 178 72 238 150 255 106 249 67 290 266 148 158 2 100 170 223 157 146 214 15 187 65 172 255 22 212 186 270 178 227 32 131 93 283 116 233 43 68 222 123 138 241 119 12 74 259 177 35 63 74 291 264 47 75 181 137 3 237 229 27 196 288 158 256 194 36 207 39 276 15 272 279 73 271 153 136 113 212 182 112 160 208 102 214 94 89 120 91 105 225 219 35 246 87 23 1 201 281 35 260 222
4 31 31 20 37 28 19 2 37 8 29 29 1 9 23 38 32 28 30 12 30 39 3 14 29 32 5 6 40 18 3 23 40 15 32 31 24 40 38 8 32 34
51 3 43 75 49 15 43 54 60 42 23 39 12 71 20 22 64 24 18 15 59 12 64 72 14 36 76 43 17 39 34 7 29 16 52 18 68 46 61 34 66 10 57 11 20 46 71 42 60 50 66 47 20 57 34 35 25 26 20 1 72 36 10 49 64 40 69 60 58 54 38 33 53 55 76 45 27 1 22
72 105 35 137 15 18 67 85 117 4 77 120 105 91 137 103 127 7 19 98 109 38 52 39 30 115 127 10 78 119 3 63 23 78 67 60 47 43 107 84 101 89 106 35 31 102 28 85 1 125 60 70 133 15 14 72 94 39 38 132 98 123 73 127 64 111 133 82 45 82 44 49 132 46 53 56 103 82 48 125 51 95 79 29 101 119 47 76 73 102 4 97 113 76 38 70 25 13 114 85 107 119 42 122 8 13 70 115 6 80 100 38 66 75 83 113 92 102 33 6 20 128 117 5 88 23 115 39 44 95 108 126 80 10 57 135 73 93
80 74 30 33 95 64 61 35 95 64 89 62 41 38 89 32 19 54 55 16 76 9 14 94 19 55 35 68 82 74 89 49 16 58 68 17 61 70 48 87 2 68 60 28 18 3 51 60 95 20 89 85 87 74 68 76 2 50 26 27 70 23 94 80 68 1 40 74 53 1 70 42 66 10 41 83 79 53 78 24 17 86 31 60 61 33 36 41 54 60 17 1 82 10 21 65
11 16 23 35 12 19 19 35 13 38 23 33 10 4 1 10 11 31 7 28 33 15 28 36 11 38 15 18 29 11 21 36 23 7 20 25 13 2 2 18 25 11
70 63 57 43 34 57 85 74 8 8 63 42 21 92 71 30 19 53 50 45 93 78 8 70 28 21 5 40 10 68 18 66 18 19 25 14 87 73 28 95 78 31 58 38 40 18 16 16 10 56 48 27 75 50 91 29 12 27 1 29 15 25 79 25 42 16 63 70 67 3 20 60 32 61 79 46 60 38 83 22 59 93 38 65 88 39 45 67 4 33 34 34 92 80 66 27
7 2 54 14 22 15 61 48 56 28 7 29 29 11 17 27 1 62 22 16 43 54 55 45 40 54 8 45 23 28 21 24 54 28 52 35 56 33 37 26 43 22 9 63 32 13 53 34 10 56 38 42 27 19 26 48 13 20 4 55 39 21 39 26 6
57 9 50 14 53 65 37 64 10 43 35 15 68 23 57 38 64 40 39 42 5 8 68 61 21 56 4 70 3 66 24 23 41 68 56 57 58 9 9 61 6 31 2 31 49 37 48 29 11 18 69 48 40 68 11 16 59 26 21 34 50 36 50 42 62 36 26 20 26 52 67
179 29 141 248 11 86 55 44 168 130 140 282 291 80 37 79 11 208 173 201 86 162 164 211 245 16 157 133 107 45 87 234 205 252 206 47 35 210 30 183 113 278 88 256 144 191 297 8 122 175 261 212 88 128 147 207 221 111 74 174 54 67 39 207 213 291 134 280 203 289 87 140 196 58 164 198 171 254 224 136 28 204 8 116 224 62 223 90 21 43 285 239 109 162 54 39 171 57 157 181 37 49 62 103 68 253 157 53 73 291 262 186 214 126 236 142 119 73 90 231 157 101 211 276 29 55 77 103 56 47 228 119 178 42 92 225 187 282 182 82 106 41 27 247 226 116 198 35 12 263 68 192 10 272 186 266 102 28 188 177 144 86 158 170 276 180 243 78 143 30 253 107 134 212 282 250 68 2 67 91 75 81 110 28 138 209 23 29 225 48 64 181 275 138 260 173 103 270 118 93 8 289 72 67 211 117 71 97 176 105 240 116 199 37 50 121 226 267 290 6 105 36 38 35 41 207 14 250 202 40 35 270 3 97 182 45 129 13 90 231 64 256 141 180 187 157 149 34 117 155 217 297 270 252 150 187 95 263 37 232 145 149 254 165 91 226 182 123 126 49 157 63 53 10 111 187 218 1 81 193 16 103 203 33 186 83 182 266 199 1 112 227 91 140 207 171 117 248
111 147 37 35 97 17 6 23 177 38 74 83 206 171 33 67 79 96 39 120 103 138 65 7 22 100 94 210 167 49 50 63 92 28 124 95 29 166 181 109 41 138 9 177 48 10 84 56 69 119 40 178 77 7 97 187 93 164 185 165 142 119 85 139 97 42 173 184 90 3 94 87 1 217 13 35 185 8 113 183 116 123 76 65 84 24 207 207 200 101 76 137 41 177 200 149 64 101 103 22 140 116 37 188 101 34 23 41 206 96 190 73 10 189 172 61 89 144 32 89 77 71 191 179 117 57 45 34 31 20 124 114 180 187 201 151 177 49 12 73 193 137 191 81 114 94 200 128 3 48 77 197 186 20 108 201 10 135 84 136 110 158 202 137 208 41 175 60 183 171 171 155 76 182 80 134 195 190 3 103 12 186 186 97 24 24 174 200 83 173 203 96 99 209 196 135 11 216 218 8 25 108 36 97 29 192 151 40 218 158 154 207 34 147 121 123 175 91 35 216 85
24 27 28 14 10 18 10 8 28 14 25 3 1 28 31 13 25 19 10 24 28 31 32 30 29 10 21 15 25 10 20 2 10
18 19 28 19 83 83 19 25 2 52 87 78 11 41 70 60 80 80 71 4 73 82 81 2 9 47 35 15 30 22 38 6 36 87 74 18 13 46 72 9 6 43 75 17 57 40 84 34 9 85 72 22 80 65 8 23 39 7 3 20 66 60 59 65 29 51 70 28 68 26 74 27 74 59 65 68 7 72 87 59 75 46 38 68 74 70 22 48 55
119 50 58 7 74 72 173 121 128 73 43 155 66 118 89 93 9 8 80 79 12 40 115 45 153 71 139 93 40 44 120 58 48 37 124 3 163 168 83 154 123 41 160 78 50 12 147 59 141 155 101 123 44 45 10 32 147 33 55 68 95 4 31 155 120 80 53 19 119 170 71 113 86 22 89 141 78 78 46 43 129 107 1 115 73 103 48 25 27 78 136 34 67 3 19 159 131 18 149 24 67 155 149 170 85 145 14 35 34 157 117 174 110 1 81 172 145 144 3 29 41 84 134 40 159 71 9 119 159 59 123 39 172 160 78 112 16 124 80 16 141 40 106 139 162 12 93 97 13 82 139 93 65 160 138 60 40 164 58 20 18 140 127 174 157 163 133 7 146 17 57 96 65 82 3
173 148 35 193 116 5 82 209 12 139 71 170 49 41 133 91 172 75 107 1 21 112 75 16 127 15 77 44 135 22 207 201 78 1 163 208 189 164 12 40 41 105 116 201 139 191 173 92 61 167 8 147 114 154 158 5 100 71 117 164 10 152 207 2 51 47 72 109 65 70 43 94 22 194 91 203 35 198 162 11 25 98 79 130 72 176 56 187 164 184 112 116 181 170 176 150 131 137 207 28 166 213 162 107 67 171 110 123 180 158 66 11 189 184 20 51 137 49 178 136 156 69 187 102 209 81 139 182 94 202 184 165 57 155 97 16 142 137 3 98 170 177 66 211 5 88 77 200 86 69 179 4 169 90 57 154 174 43 91 36 42 25 8 125 181 117 72 148 17 212 162 161 20 169 163 22 145 37 15 187 131 109 84 145 205 182 64 26 52 73 24 182 88 52 130 36 49 154 193 5 32 73 45 123 145 167 107 17 62 12 57 43 206 66
61 58 23 11 29 29 30 12 36 53 39 41 10 40 8 55 50 25 54 58 23 20 24 38 32 51 44 52 48 61 64 12 30 11 57 31 2 64 45 28 41 19 2 34 59 14 19 13 44 54 58 49 14 5 34 49 40 5 21 1 41 37 16 5 33
201 172 181 185 123 99 43 165 37 169 143 42 197 43 7 123 11 104 125 73 146 90 86 204 110 43 26 2 1 99 9 96 218 149 131 112 88 95 104 143 179 2 44 33 72 206 104 156 70 90 186 156 196 30 13 108 13 55 6 124 160 62 97 210 25 26 131 66 200 86 80 154 197 48 75 145 222 160 222 180 185 97 49 3 220 125 204 221 171 190 72 60 177 189 192 123 84 31 26 218 219 9 198 68 37 141 45 82 70 62 137 133 126 4 40 190 146 15 110 215 6 168 70 98 42 70 216 110 20 129 116 122 55 199 138 15 85 154 209 13 12 210 209 71 64 107 6 197 104 141 179 215 49 100 69 16 25 162 134 1 188 178 184 124 125 145 208 149 24 181 120 120 221 85 57 8 69 177 195 108 61 202 20 168 138 98 157 111 117 162 189 93 214 68 60 127 169 137 51 204 127 193 157 202 183 169 155 122 105 23 105 135 171 50 86 41 106 212 128 65 37 172 145
148 79 68 177 82 41 8 45 51 211 105 45 30 23 167 150 192 188 173 60 13 69 203 145 37 146 217 202 138 62 122 47 111 86 76 77 199 150 40 175 27 75 215 141 221 175 195 197 190 85 91 195 2 59 197 44 204 193 185 38 10 167 107 191 61 145 98 139 117 121 137 85 44 45 95 197 177 13 27 205 51 112 1 166 194 26 134 202 210 177 214 128 30 2 209 74 33 59 97 75 80 23 36 32 186 66 98 86 208 11 109 218 62 224 220 68 92 176 172 152 127 101 116 208 66 108 115 40 114 111 26 113 54 58 194 190 176 72 85 164 34 67 132 70 42 218 89 108 15 147 203 173 136 190 136 105 51 78 29 197 49 70 49 208 210 67 99 122 5 171 53 104 222 92 154 71 77 136 105 2 30 171 64 215 193 27 77 137 129 141 11 103 120 197 210 62 188 210 68 182 30 28 159 163 24 78 172 102 186 13 185 202 90 27 216 180 139 60 60 191 135 14 21 73 151 28
25 16 177 160 59 85 96 108 25 50 190 154 49 3 54 177 136 10 118 87 42 68 82 4 156 150 151 106 48 70 106 168 75 72 14 132 22 182 85 44 23 165 73 49 173 16 27 191 72 171 135 122 162 150 134 173 36 70 38 64 137 55 42 71 84 148 150 138 18 149 130 8 175 28 175 159 1 134 128 83 37 128 91 83 9 113 42 181 31 136 147 27 170 40 8 20 14 35 136 9 26 96 147 124 58 155 117 190 104 76 91 53 17 57 158 170 104 40 63 27 41 180 78 190 105 95 47 160 171 53 128 87 136 177 4 128 26 6 84 154 164 57 72 149 52 29 121 64 191 170 144 190 170 95 177 118 29 83 50 92 115 40 5 44 56 158 79 142 141 134 119 61 16 184 150 95 171 113 91 47 171 105 84 20 86 69 168 37 61 153 162 98 183 49
201 162 112 193 13 20 172 127 202 21 56 94 115 3 9 172 181 67 24 77 199 100 215 164 117 188 157 135 49 180 34 184 124 34 139 179 101 54 67 138 75 88 171 191 122 165 202 53 41 59 199 204 119 155 146 36 116 43 18 158 139 182 149 107 93 140 168 165 189 79 117 172 79 20 90 131 182 2 120 136 112 63 186 76 62 116 135 176 36 87 83 213 110 136 79 198 74 27 69 77 154 178 96 83 43 77 213 106 204 197 134 213 128 6 50 152 33 112 196 33 191 22 132 48 123 90 27 116 103 190 95 17 120 201 74 209 76 36 37 161 116 216 169 216 151 113 180 205 69 107 126 174 33 211 77 117 61 33 13 11 111 41 71 182 144 161 85 92 210 109 197 102 71 50 180 116 54 189 116 38 73 138 112 184 182 87 14 18 125 40 128 146 45 89 149 101 43 94 104 170 40 61 6 33 213 197 116 137 138 51 143 120 63 154 188 120 45
25 9 32 33 37 6 37 32 11 16 5 19 49 20 13 21 6 3 24 25 15 23 26 5 19 33 38 18 51 20 22 3 6 21 33 13 34 14 54 35 55 35 24 15 55 45 4 29 20 18 8 32 28 8 34 4 24 41 42
151 247 172 191 268 266 146 271 138 58 31 71 79 218 193 277 240 53 291 35 103 10 95 246 117 199 155 20 2 36 11 203 172 1 29 89 238 287 6 79 272 144 161 240 283 285 175 144 199 101 171 188 142 153 124 38 56 4 155 58 18 208 121 127 70 49 4 63 174 83 245 267 19 162 132 238 292 20 158 7 246 99 294 228 82 171 78 216 205 22 12 281 72 158 204 198 61 164 49 173 227 258 185 38 195 102 149 34 259 54 32 265 269 141 218 18 202 259 193 260 22 181 68 152 263 32 88 258 48 295 33 75 5 100 18 254 61 174 34 148 116 261 29 205 179 49 202 38 36 57 223 38 153 291 39 126 145 14 199 250 42 132 211 122 20 101 56 61 70 129 232 254 153 28 127 11 168 259 133 33 255 100 254 256 191 68 114 166 125 231 273 279 268 289 91 89 184 92 129 146 32 67 9 164 4 27 132 258 240 122 114 29 76 20 92 169 34 275 113 262 78 182 72 52 239 51 243 145 249 192 32 23 32 241 276 213 37 129 182 181 28 91 160 19 252 3 86 49 74 87 35 97 210 238 27 236 59 97 29 167 144 266 173 164 58 18 13 278 35 211 157 242 233 140 53 160 43 130 285 128 71 198 77 253 157 158 138 177 270 195 207 253 172 260 255 283
43 86 50 110 17 117 103 77 27 32 100 127 28 104 121 93 19 139 117 142 94 75 112 32 83 94 51 9 28 35 76 124 93 9 61 108 21 30 4 86 73 56 55 23 122 5 105 112 115 130 137 139 24 83 13 108 10 15 74 15 117 124 40 111 102 106 5 125 53 26 22 124 39 72 74 88 71 49 116 120 75 131 78 61 32 53 127 68 99 103 70 136 20 64 69 128 87 64 81 62 30 6 37 64 92 76 136 63 14 29 33 59 88 60 13 79 96 133 127 78 68 22 49 57 121 17 68 97 115 53 47 139 22 56 55 22 8 91 75 141 84 105 137
6 30 8 1 42 26 26 10 27 36 7 9 26 42 14 10 23 37 7 27 21 2 34 1 7 27 22 35 17 22 24 18 2 4 10 28 7 40 10 12 37 37 43 1
37 137 180 81 124 25 178 134 171 87 96 84 94 77 71 122 46 40 120 104 36 31 158 155 134 19 155 123 73 55 19 167 46 98 135 141 103 141 65 75 188 25 35 81 15 93 34 79 109 58 141 137 51 26 10 124 99 35 20 128 196 178 38 83 41 68 175 32 107 32 129 79 64 14 66 112 63 5 109 187 34 19 162 139 196 182 179 85 43 99 125 70 70 34 97 154 75 93 26 5 154 28 127 137 101 148 27 100 6 151 120 55 174 7 153 42 53 152 46 57 162 45 62 3 14 19 175 128 86 139 126 126 189 150 179 147 196 111 147 187 161 20 133 2 37 52 70 61 183 41 131 168 167 154 102 27 160 135 19 193 64 95 52 168 74 98 25 24 74 16 130 12 4 113 152 107 143 175 40 156 62 98 84 56 104 37 41 121 91 60 57 54 89 158 4 13 42 63
69 17 49 136 79 8 80 45 123 32 134 134 119 62 57 32 37 27 70 63 16 107 6 116 8 81 87 29 102 127 130 55 53 31 70 120 137 85 60 86 38 121 36 69 20 7 72 82 93 58 99 52 57 137 42 66 12 134 98 40 109 18 98 86 95 89 47 68 91 102 119 76 132 133 105 15 16 124 12 29 87 139 131 73 92 63 42 95 79 10 137 39 4 128 120 112 64 52 125 91 41 48 30 57 102 12 21 61 71 38 1 134 83 105 15 109 104 16 3 9 52 74 78 8 92 4 36 9 22 117 100 117 56 12 94 102 103 112 77 83
113 114 94 47 109 22 52 9 121 52 12 115 114 51 127 46 34 9 58 79 69 29 74 17 115 123 38 83 78 34 90 133 10 53 43 115 4 67 28 125 72 62 100 15 22 79 111 116 6 54 93 106 45 3 128 15 84 19 58 32 5 111 30 110 106 74 58 132 89 89 41 2 84 10 76 23 2 82 87 84 44 5 69 100 36 32 88 75 19 7 123 57 47 15 31 49 103 95 63 35 31 108 55 31 14 118 116 113 127 37 129 106 30 90 124 23 10 33 70 130 85 123 55 95 34 70 69 69 99 88 39 82 116 124
40 115 118 121 53 80 65 4 151 34 7 8 1 36 137 2 37 123 153 106 110 37 8 58 46 109 96 68 132 155 28 9 157 80 79 94 29 163 15 37 114 121 133 55 133 39 128 55 122 3 17 2 35 17 131 63 74 58 95 129 146 74 79 91 83 121 31 125 152 25 159 75 130 17 144 40 24 69 1 135 81 85 57 153 1 159 77 134 50 55 35 154 46 32 63 9 68 151 97 4 25 12 30 36 59 37 75 86 112 58 59 50 159 129 83 48 60 94 19 107 18 97 30 119 43 66 86 75 127 39 83 148 141 150 96 42 78 100 133 54 109 128 34 18 72 69 1 127 51 157 151 78 158 62 1 162 132 143 134 107 50 127 38 38 158 22
40 19 136 128 148 32 95 24 137 99 74 87 33 45 43 8 34 63 62 127 79 22 126 65 42 110 33 12 95 114 144 31 92 147 59 119 114 10 111 24 121 70 96 80 129 135 71 133 100 84 8 96 38 34 35 3 89 90 97 61 67 103 36 108 12 8 109 106 34 115 150 131 112 84 30 82 36 58 33 30 79 128 108 50 131 130 41 39 79 4 47 145 144 20 88 78 111 81 132 50 26 80 107 148 64 24 90 39 135 64 35 106 11 5 131 148 82 11 107 134 116 39 109 75 105 119 22 38 130 146 93 47 21 112 75 87 126 10 21 26 57 60 25 13 137 143 4 52 94 152 61 17 117 32 150
97 230 182 25 225 94 117 230 12 20 27 84 218 80 158 154 230 93 161 145 142 222 87 48 45 1 52 235 47 206 92 157 181 185 219 159 200 148 212 71 57 120 162 209 67 136 17 139 71 22 209 52 1 156 52 194 43 95 161 160 19 10 99 41 100 122 209 71 9 202 173 74 229 222 55 231 48 191 104 54 80 161 149 234 15 183 40 23 57 221 236 154 132 207 197 48 60 54 172 51 201 112 26 40 99 201 156 227 113 2 183 176 88 122 181 227 210 163 47 235 81 201 215 189 100 117 141 221 110 33 233 230 176 7 106 101 26 185 212 167 55 232 41 32 161 172 88 125 62 159 137 169 186 98 138 91 10 118 238 184 127 206 123 59 23 85 155 36 38 7 2 151 179 153 9 38 14 223 141 34 33 165 99 220 234 144 161 236 118 216 226 84 40 160 208 235 26 215 142 76 106 159 55 19 234 179 169 24 15 188 221 125 41 24 23 230 147 210 227 214 160 173 78 55 204 169 71 33 122 226 227 100 125 71 111 215 43 154 38 92
60 225 252 122 215 259 38 3 62 183 94 107 126 138 241 250 223 167 194 184 125 89 107 262 235 7 196 184 65 100 226 68 192 237 211 207 60 4 87 111 174 28 82 96 267 265 121 102 1 48 55 94 115 30 7 9 228 193 120 196 229 44 263 111 172 245 106 81 132 232 168 37 165 214 128 149 151 139 121 243 202 6 89 174 197 55 175 40 265 113 186 117 89 130 188 214 185 19 100 190 162 74 163 58 214 64 18 172 158 122 104 6 82 143 91 128 147 128 43 219 63 116 199 121 125 198 216 61 60 270 27 244 87 104 132 259 55 87 58 269 117 47 268 62 82 90 210 167 37 92 159 50 35 59 198 22 129 178 49 15 142 9 46 241 147 171 152 264 135 208 270 41 195 7 91 165 16 45 11 171 162 64 158 256 220 222 256 25 117 175 71 195 166 12 23 270 116 28 98 231 50 38 223 160 104 268 118 25 17 16 236 120 214 186 147 243 198 218 46 36 162 259 259 135 261 264 98 240 260 239 245 155 189 88 224 167 72 83 186 218 82 113 209 59 60 260 55 185 161 122 218 263 97 136 176 205 70 182 230 263 181 14 12 36 157 49 119 40 176 50 257
240 204 2 83 252 142 249 1 175 114 123 23 234 242 252 185 209 111 265 174 48 3 136 254 203 252 71 227 182 48 11 156 17 248 129 90 229 128 149 149 183 119 90 12 66 238 75 31 167 29 235 209 16 93 84 146 8 194 171 256 40 204 3 42 164 204 38 65 108 60 259 106 70 217 159 88 124 7 232 87 191 98 113 82 33 133 127 6 16 145 112 15 130 227 106 51 213 93 3 180 25 225 70 118 262 132 69 129 22 152 205 233 231 80 82 133 49 111 128 118 144 211 112 124 158 90 37 263 25 77 186 14 247 139 76 187 74 225 185 29 227 130 160 194 11 236 42 212 40 28 27 151 125 51 205 204 56 29 181 169 11 149 70 140 32 7 209 144 4 117 57 86 217 129 125 118 145 51 68 226 267 227 15 167 138 206 10 122 16 227 172 114 42 118 248 51 136 218 35 35 71 174 230 260 182 197 126 54 220 115 69 149 2 42 89 123 187 161 163 2 175 151 55 183 102 129 184 54 47 18 19 215 6 87 182 84 95 102 219 76 245 153 266 118 246 221 220 214 62 179 132 4 172 170 159 92 128 186 99 95 26 37 138 129 59 107 144 158
100 187 4 148 72 18 59 173 161 7 199 132 28 18 44 154 204 147 39 116 25 191 61 73 164 94 49 193 135 201 191 106 168 25 163 188 159 76 93 12 32 185 113 82 183 74 117 152 194 46 146 137 6 114 68 66 123 62 47 162 181 12 26 152 118 16 127 134 184 141 90 108 63 113 187 52 63 127 103 4 102 54 34 11 169 140 186 137 166 19 10 10 36 175 62 46 156 45 188 96 83 159 115 193 103 43 177 183 141 7 196 104 168 183 84 103 61 191 1 66 187 70 154 104 63 164 35 167 164 82 60 132 159 171 176 133 67 45 61 4 165 88 123 24 108 182 162 8 134 173 24 23 176 57 98 38 25 96 197 32 28 54 29 15 173 50 132 193 97 201 184 79 17 182 135 26 135 85 13 177 77 111 192 158 186 98 51 36 105 121 195 61 82 37 113 90 105 155 180 5 30 161 25 47 38 165 202
47 21 97 118 38 61 79 65 46 90 46 84 37 15 70 100 39 119 58 6 18 70 40 112 19 20 114 104 137 21 107 122 58 92 115 14 74 111 125 119 87 55 125 133 22 90 99 87 19 98 91 47 70 125 46 118 21 138 69 98 17 13 40 103 122 124 12 76 79 101 105 39 55 96 53 130 136 12 47 36 59 3 130 30 16 135 2 31 18 48 15 92 44 58 86 21 26 1 126 34 39 40 120 55 114 23 91 26 124 84 40 33 59 118 54 30 108 16 110 136 40 108 67 115 41 55 62 90 110 119 40 83 28 12 108 37 104 103 92 13
47 78 55 70 47 25 46 62 56 58 76 64 8 44 40 63 30 79 66 38 70 1 28 71 41 19 25 60 46 14 45 64 79 12 10 31 43 40 49 10 11 15 76 48 54 79 50 36 22 42 29 12 48 49 34 17 54 57 76 79 58 56 71 31 55 61 42 47 24 29 24 44 37 8 65 71 47 1 1 41
120 102 53 150 39 12 34 37 116 23 139 19 87 39 106 126 110 85 3 65 21 37 154 117 25 6 44 34 147 89 146 162 125 26 29 145 151 99 74 85 58 43 173 21 123 78 131 7 148 173 95 143 141 165 65 20 73 167 167 36 79 41 36 79 8 99 81 171 50 36 17 11 25 28 25 155 122 32 146 132 44 134 83 55 133 159 88 148 139 126 152 147 68 90 100 143 163 122 99 82 129 127 138 145 33 86 127 112 151 112 68 111 153 28 28 23 69 149 66 13 71 110 112 146 24 19 130 100 165 115 55 87 148 59 146 174 37 9 112 60 14 12 96 99 55 120 20 19 58 21 159 103 91 110 114 64 11 172 99 63 129 67 18 67 166 99 4 13 85 9 57 78 118 18 118 75
44 78 111 71 64 31 3 103 71 69 91 104 7 33 20 11 2 94 22 17 104 85 58 8 2 33 28 33 107 66 111 94 31 77 19 31 110 61 90 100 56 3 42 105 82 108 69 1 99 13 118 47 2 96 109 41 47 57 24 2 115 115 107 48 16 20 48 60 91 66 117 69 110 107 83 42 102 68 99 6 114 4 91 32 29 31 40 88 92 91 92 112 16 15 85 64 77 27 79 75 55 107 34 78 32 110 33 79 110 115 3 80 76 16 12 48 115 73 6
39 166 54 132 93 91 148 76 131 100 126 86 63 108 87 124 1 82 132 132 65 146 121 17 50 108 72 22 9 164 119 28 170 124 13 118 37 89 139 119 156 64 55 163 16 137 134 51 122 28 45 38 64 135 118 100 9 110 132 148 15 67 99 163 95 31 70 146 119 1 50 30 146 54 84 23 68 145 142 26 158 70 59 122 83 44 52 52 106 2 55 169 137 29 167 91 163 169 53 23 150 117 169 75 152 89 169 93 164 22 139 101 81 128 145 33 98 169 54 40 132 164 153 20 95 141 119 3 125 41 137 128 24 119 72 128 87 165 152 25 163 76 8 51 82 157 46 28 153 34 43 29 149 125 144 23 67 103 104 95 154 34 107 132 86 37 43 43 99 11 137
62 114 186 153 113 95 105 172 81 147 142 171 93 169 36 95 155 148 166 58 174 154 56 108 126 142 121 50 160 47 26 145 81 54 99 44 81 26 143 18 70 65 153 129 16 82 69 72 24 103 95 136 125 4 110 130 91 25 137 44 61 186 28 136 39 138 168 45 24 130 116 42 183 54 21 114 104 189 65 147 17 105 47 56 59 139 16 45 183 44 85 190 26 169 170 142 155 87 4 169 175 92 1 26 101 11 3 41 103 168 152 121 21 154 168 39 20 184 188 31 24 1 77 8 123 189 113 54 174 192 28 121 4 97 84 189 94 55 190 120 9 3 5 82 190 74 85 29 6 14 158 47 162 116 165 73 73 90 15 129 119 149 18 35 154 107 100 102 147 111 16 37 30 105 13 106 162 96 174 111 31 33 86 193 147 174 114 112 142 157 53 126 162 8 78 30
45 46 88 4 64 6 4 23 22 61 99 83 27 2 26 33 76 29 97 65 5 99 46 34 24 99 60 86 5 92 26 85 24 18 7 95 35 19 39 20 74 54 62 10 22 72 34 31 26 48 73 85 1 66 68 54 64 32 93 6 81 21 65 4 71 61 30 26 92 69 64 10 58 18 97 81 43 97 34 5 82 29 78 59 78 68 23 93 44 39 97 90 93 76 81 72 39 39 66 45
135 91 172 155 46 7 161 166 153 138 62 205 184 226 169 213 229 122 163 262 7 123 231 13 107 253 188 79 225 247 86 232 228 81 261 216 173 251 67 61 16 224 12 167 120 46 117 262 160 145 18 43 139 232 109 200 270 88 26 239 195 60 37 222 60 36 270 270 134 72 235 175 276 7 98 215 87 17 202 54 33 17 244 229 47 22 56 199 230 233 264 197 16 251 50 206 72 39 103 161 175 195 12 251 261 268 73 271 24 155 82 85 217 164 170 172 241 151 3 16 251 33 232 152 1 24 182 146 172 66 101 56 183 264 118 71 40 263 29 262 194 273 149 6 202 254 223 41 252 273 256 188 148 133 68 41 194 62 39 43 257 79 204 190 68 78 25 165 95 177 52 231 155 221 61 236 18 210 143 220 236 266 250 156 145 78 206 239 121 106 173 41 51 164 255 51 188 65 64 9 221 11 208 184 53 197 239 104 117 5 224 253 195 3 83 60 270 92 232 166 162 15 116 252 34 112 225 92 251 120 51 168 144 102 164 45 150 200 182 167 101 147 127 153 179 26 56 216 74 121 174 104 226 190 222 192 262 115 143 194 87 153 240 69 201 85 72 245 276 210 264 7 51 90 249 225 11
107 42 57 1 23 37 35 92 91 72 50 38 80 25 67 88 110 108 39 102 105 15 104 87 2 105 77 32 38 67 61 93 84 45 88 111 109 61 96 31 88 78 64 96 8 69 34 9 24 44 16 33 86 55 41 13 64 34 36 41 6 90 54 15 8 80 33 55 111 11 47 104 5 30 86 66 79 83 4 72 46 104 7 20 41 80 6 109 70 69 84 58 13 80 105 67 32 90 101 75 107 110 109 6 97 102 54 4 3 57 20 13 54 13
75 182 270 99 230 136 43 83 188 19 261 116 145 71 92 21 82 241 17 34 19 182 235 51 263 190 201 198 92 93 281 206 282 1 64 117 66 241 84 261 63 25 10 190 45 77 200 194 164 119 96 279 167 13 17 281 255 234 69 262 85 67 139 196 59 4 74 91 40 220 185 227 21 135 280 70 202 46 225 225 259 142 143 166 151 1 224 202 216 222 25 229 48 57 151 123 90 33 86 79 159 227 132 202 265 158 47 29 108 36 234 177 108 138 121 79 119 179 44 22 86 158 211 210 160 179 127 40 72 19 41 54 199 9 45 267 140 31 167 139 265 105 122 206 277 31 41 99 78 123 202 216 95 150 66 165 141 104 244 95 150 120 138 16 151 250 36 113 49 48 54 275 240 15 72 185 163 148 144 188 259 53 228 110 42 127 138 170 196 260 176 155 134 279 275 228 252 86 188 105 138 196 147 39 201 77 188 169 2 156 40 156 23 242 64 219 58 258 121 113 137 19 174 112 257 14 4 227 160 216 66 37 189 193 144 42 76 262 256 235 212 274 240 168 214 199 94 34 91 29 239 12 272 231 204 161 189 79 132 276 77 45 238 48 212 133 212 258 158 26 241 185 235 45 222 99 238 36 56 82 155 182 152 139
74 41 206 104 244 215 172 42 206 55 120 60 95 182 203 168 80 1 117 111 139 21 128 233 68 71 8 188 196 23 61 198 170 53 60 202 93 132 197 31 126 55 112 37 44 113 255 139 26 85 171 150 30 35 248 133 84 93 200 47 176 232 80 103 60 113 100 183 195 163 98 243 172 236 236 254 221 107 153 122 85 19 6 91 146 238 238 240 109 13 145 4 113 85 193 144 78 139 135 111 185 74 165 237 72 100 137 186 150 160 67 119 229 206 65 244 84 176 141 60 42 65 83 60 169 229 182 210 73 134 177 21 235 168 72 103 244 80 80 154 100 197 129 43 221 215 179 246 15 50 211 94 98 42 190 150 182 67 207 131 155 119 255 245 63 112 221 125 99 101 222 25 64 133 113 204 156 140 43 11 236 20 53 125 162 185 164 119 56 157 94 181 5 159 174 250 86 207 99 102 5 241 41 183 106 10 105 122 162 131 37 18 210 236 139 213 196 107 88 128 248 252 168 215 22 19 171 216 172 121 196 193 48 48 77 206 220 210 144 167 245 231 254 119 136 56 84 130 223 26 18 133 181 128 51 39 199
163 132 228 184 253 182 15 27 204 19 104 135 94 201 111 25 44 227 172 154 279 124 46 118 187 157 169 148 105 264 224 117 123 232 185 21 103 127 93 241 62 154 190 166 113 273 153 62 140 209 255 34 215 247 237 257 11 223 245 49 65 197 82 83 166 255 243 170 170 150 158 69 128 156 31 137 157 226 140 71 102 241 180 149 214 133 79 168 119 171 187 44 185 12 169 71 251 97 14 201 168 77 262 37 40 146 60 273 201 86 281 225 74 116 133 202 105 269 280 79 55 9 198 269 138 212 197 22 134 265 215 238 220 176 262 193 273 8 5 65 211 224 60 28 131 74 115 48 17 43 206 72 49 276 90 28 155 264 11 17 281 130 162 133 130 102 228 227 219 81 206 269 114 128 259 167 133 134 214 9 280 26 231 82 25 146 23 200 77 185 65 116 78 67 133 275 48 9 104 179 160 283 279 126 183 92 73 63 139 124 269 48 165 77 7 171 196 255 284 180 248 17 159 161 1 254 135 49 194 143 26 186 181 260 61 243 15 118 109 181 110 139 255 104 85 227 101 144 39 160 51 27 239 181 50 219 117 69 137 126 148 12 174 183 283 99 13 141 283 216 187 186 70 94 216 131 101 21 203 209 117 84 263 169 128
17 11 25 5 8 21 5 13 1 5 8 23 26 1 24 10 15 30 3 25 12 28 9 27 10 8 23 17 8 8 2 7 2
110 31 55 1 16 84 78 83 16 106 64 109 45 120 68 95 19 62 27 119 97 74 31 2 34 25 110 108 90 70 10 113 111 99 100 8 21 58 111 67 120 81 40 18 104 80 54 47 91 58 7 122 61 54 31 15 56 29 53 111 36 43 62 59 80 114 115 89 77 1 82 70 57 110 83 17 32 98 19 30 34 118 111 67 104 117 35 4 42 90 1 124 94 95 61 58 101 19 42 10 18 69 55 76 43 56 40 84 105 117 99 70 88 62 54 104 21 64 120 69 58 25 94 75 66 72 89 124
105 215 184 179 227 3 47 223 215 192 258 4 173 154 256 109 174 160 5 37 62 184 210 60 171 123 205 121 54 34 163 44 108 94 83 59 219 254 136 241 91 47 110 141 261 195 249 124 222 126 111 42 6 191 25 78 189 92 38 172 204 38 27 237 229 232 94 81 168 64 239 38 13 45 165 78 83 142 261 239 171 103 117 109 243 61 185 116 223 151 229 61 118 131 140 27 214 86 37 36 133 194 7 206 77 186 78 140 103 20 27 85 235 90 189 68 73 172 41 41 146 48 190 172 207 106 105 149 96 158 199 73 80 153 18 73 40 229 189 16 183 144 249 53 154 197 77 20 90 133 101 176 6 111 80 46 28 252 12 32 134 184 119 1 178 12 219 179 218 91 7 37 181 148 152 88 32 119 228 193 154 64 145 218 119 62 62 90 139 156 157 47 108 176 261 225 98 10 228 152 240 116 83 258 186 226 210 133 120 101 195 153 64 135 4 219 133 29 239 49 46 3 117 245 72 64 158 117 21 255 69 137 239 190 254 248 127 202 86 32 255 50 72 117 44 131 56 11 158 143 65 80 206 169 40 93 83 159 161 190 132 6 219 164 11
24 28 32 4 28 29 4 29 38 29 13 8 18 1 37 22 4 5 4 7 8 1 14 22 15 17 18 35 32 1 24 11 34 34 11 21 3 1 1
156 89 100 154 272 223 89 143 127 254 156 140 21 27 277 246 135 97 139 269 33 162 118 110 85 45 7 121 269 245 156 240 87 49 115 161 138 257 283 96 256 142 181 33 229 84 282 261 38 98 205 245 216 56 136 218 35 83 227 43 214 227 138 187 80 94 148 53 86 46 90 244 250 18 32 155 65 179 93 42 28 274 8 238 54 66 89 267 16 98 218 209 10 188 150 146 1 260 162 152 192 273 127 224 173 279 174 50 71 8 224 75 55 178 56 55 111 230 152 234 4 283 81 75 111 47 282 179 71 171 88 194 173 133 86 83 105 30 190 282 173 185 154 279 74 104 1 2 113 151 64 99 139 40 230 229 128 243 24 134 254 225 42 36 30 252 141 134 280 267 273 269 199 255 254 143 251 174 46 248 204 247 190 12 184 146 234 32 206 88 262 81 107 161 247 115 178 192 182 242 4 67 247 247 40 234 34 80 214 205 11 138 158 275 67 89 203 151 172 244 41 163 219 282 200 281 9 279 244 204 32 37 186 262 60 205 45 16 125 255 251 48 198 266 137 64 224 18 30 171 89 261 133 21 33 244 44 172 91 44 167 163 177 202 233 284 237 272 108 81 244 187 251 91 95 102 240 263 73 261 73 167 138 21 187
51 38 40 12 15 28 11 32 14 19 46 18 9 35 48 7 26 6 43 53 38 6 11 19 35 42 27 19 30 11 43 40 48 46 43 42 29 53 29 47 30 23 40 26 48 43 49 50 21 34 41 39 12 29
88 72 173 228 101 24 73 221 73 224 66 164 140 103 126 264 186 219 154 156 36 204 157 181 230 185 71 238 272 221 95 147 42 141 101 7 264 199 137 75 82 175 193 255 239 135 190 89 232 155 171 147 227 162 173 168 26 262 188 133 123 62 21 137 132 266 112 226 28 165 76 272 55 248 96 4 20 26 159 44 208 165 106 27 64 273 138 102 177 78 247 205 4 221 8 254 22 46 128 140 61 262 114 66 183 54 243 59 139 246 80 224 187 98 137 96 186 250 149 234 231 71 55 28 250 184 76 139 233 85 180 195 16 94 210 261 208 163 89 184 14 36 181 135 27 258 184 28 55 70 202 10 51 255 122 176 268 107 51 187 97 47 87 142 7 249 10 184 89 133 120 14 78 255 134 64 86 47 190 76 244 109 193 131 265 211 198 69 186 14 4 24 41 97 95 42 102 228 54 126 119 243 81 21 21 76 252 91 173 59 190 108 134 138 111 133 255 243 167 22 26 160 35 260 76 212 258 98 188 33 206 249 267 23 256 147 74 195 242 266 61 28 147 233 120 238 230 115 251 181 190 118 132 119 218 142 66 50 100 190 262 117 44 162 162 144 268 172 125 99 248 53 5 259 42 186 181 68
22 86 189 124 142 121 93 146 120 65 179 157 143 114 165 17 187 56 104 8 94 91 155 81 154 1 92 197 13 90 151 55 109 86 28 70 159 91 117 23 140 197 52 179 184 9 173 63 88 181 188 151 110 117 145 39 161 119 105 189 5 112 59 123 58 51 142 169 134 1 107 68 129 103 66 180 136 154 145 172 42 175 6 96 166 65 48 42 105 7 12 62 140 120 63 117 40 166 40 46 157 77 27 178 140 87 34 155 29 69 189 53 56 66 94 38 73 96 97 27 50 99 29 59 45 52 93 194 44 166 47 59 196 31 132 69 196 46 183 55 74 61 50 160 80 189 125 183 1 178 37 13 5 22 175 7 103 69 50 77 126 169 155 47 81 172 114 131 53 4 136 196 64 60 80 121 82 142 106 113 148 151 136 162 173 59 56 17 24 4 23 46 7 67 90 185 99 73
42 37 18 9 35 25 4 24 44 35 42 30 30 31 28 36 43 20 20 31 41 7 46 15 41 33 44 12 7 25 3 16 25 32 37 30 37 1 2 22 35 10 7 38 35 26 46
8 2 10 6 5 10 10 10 6 1 8 1 1 6
41 25 84 40 5 18 28 123 143 148 54 12 126 88 31 148 19 122 45 122 137 73 88 83 50 49 100 119 149 135 43 50 35 52 21 22 134 10 111 119 29 114 5 26 135 129 62 89 26 131 23 9 73 31 123 37 134 26 30 94 111 69 108 42 101 2 13 138 81 12 68 108 28 97 98 76 54 7 117 42 70 52 67 143 104 59 137 2 140 67 147 129 134 21 19 62 106 77 28 136 12 66 55 45 25 138 76 48 48 67 124 138 119 141 116 27 92 109 42 148 4 13 30 72 45 138 89 145 35 113 143 89 44 96 22 78 76 75 99 137 64 147 143 63 123 19 54 102 54 136
119 27 119 98 16 170 192 57 89 15 43 76 76 191 7 192 152 177 69 183 209 64 98 44 93 148 122 44 84 212 102 150 100 140 48 34 164 71 63 16 118 120 206 57 126 109 22 60 17 41 202 17 148 141 25 116 6 177 48 124 179 98 199 170 219 188 205 7 194 219 83 7 46 111 119 201 190 164 142 130 175 46 123 141 149 84 69 82 72 14 128 43 31 88 173 7 167 41 68 39 75 36 95 151 201 178 38 47 146 21 80 42 81 157 193 219 213 126 108 102 63 5 190 164 170 20 189 92 106 15 104 69 97 87 96 34 108 88 70 214 22 51 140 202 117 49 218 104 181 117 206 218 43 166 33 68 123 124 36 109 39 192 43 31 60 60 138 71 100 82 138 191 23 10 103 33 178 53 141 211 34 168 6 137 161 68 150 105 175 9 47 143 206 221 142 121 7 17 153 89 149 124 184 180 108 167 1 19 63 156 103 160 209 62 9 110 169 191 8 143 85 26 99 147
74 244 217 12 221 70 147 106 202 61 188 139 64 199 247 239 132 131 212 108 124 98 108 239 77 13 4 46 54 10 55 257 117 215 207 246 246 170 157 121 253 71 193 1 170 25 148 200 105 81 98 188 27 44 19 57 119 141 208 136 208 238 74 234 120 185 67 10 252 232 63 175 17 154 76 43 59 202 7 119 79 92 199 5 2 39 182 148 199 81 198 216 26 239 244 45 232 224 53 89 222 120 227 248 134 242 134 51 55 31 168 92 87 102 3 150 125 241 256 129 88 30 48 59 99 180 185 102 226 95 123 215 26 248 222 252 250 12 65 160 226 199 39 136 105 190 82 184 64 188 105 139 142 220 71 40 190 19 206 246 238 204 92 109 44 238 211 227 88 205 48 153 108 121 199 247 174 74 32 187 16 180 124 93 18 61 1 160 252 143 11 227 121 169 116 15 142 85 90 178 101 203 212 151 81 217 200 159 210 192 8 126 149 160 217 213 235 210 136 6 16 222 226 168 247 52 152 114 226 125 225 101 110 92 196 181 59 104 198 13 146 249 168 161 232 18 221 138 153 161 26 237 151 179 203 60 28 166 103
143 200 271 254 73 231 125 8 153 257 239 30 71 45 269 222 203 116 139 262 246 22 231 105 33 162 42 84 7 207 56 78 133 12 160 185 134 215 174 278 15 108 101 99 49 203 242 39 165 23 91 44 32 76 110 259 97 123 70 6 267 61 69 212 146 260 68 106 152 163 125 125 152 101 33 214 243 88 67 185 237 169 124 42 154 131 158 194 158 7 16 91 32 78 12 32 208 106 199 23 171 34 30 137 226 198 201 234 92 155 134 23 127 99 266 139 131 30 168 172 224 105 2 120 239 20 90 103 62 118 20 68 19 171 73 101 203 148 57 272 134 196 40 6 27 108 159 137 41 154 94 267 28 194 125 244 11 277 119 9 145 77 91 75 148 36 131 258 3 57 230 277 98 45 266 26 220 189 168 83 108 80 46 95 257 85 32 234 122 207 77 126 56 27 143 236 128 203 34 143 246 173 19 255 12 62 122 152 162 112 215 208 7 220 3 47 136 187 235 202 40 110 156 63 253 157 187 269 228 202 210 241 94 143 92 209 273 129 59 51 209 155 252 239 166 208 173 5 141 50 41 59 250 128 81 173 72 238 45 76 68 8 229 156 109 66 66 27 111 156 192 252 199 77 28 277 138 210 240 186
5 14 32 13 33 8 30 29 18 21 24 25 27 11 8 17 12 11 2 7 15 20 20 11 19 32 28 28 5 30 17 11 10 1
50 12 136 51 195 208 169 153 218 268 144 125 112 184 62 157 245 143 195 88 192 223 32 68 87 41 10 31 184 88 168 76 49 213 149 102 268 11 59 229 197 121 183 187 146 66 251 239 249 45 202 94 117 55 212 158 162 78 135 253 224 254 160 165 264 10 252 273 179 246 74 44 14 82 178 32 34 140 231 235 169 166 202 26 34 11 279 146 151 224 248 71 230 190 36 94 98 255 261 239 157 228 48 154 1 276 56 141 22 138 101 129 81 78 201 277 34 209 279 25 10 174 185 220 235 159 105 6 231 184 96 212 44 225 110 230 148 92 211 120 192 169 2 43 150 135 5 154 136 73 105 6 262 201 45 160 58 85 280 106 38 105 256 67 188 185 30 5 205 35 60 232 135 218 100 113 236 13 97 251 258 122 275 147 157 100 92 39 224 94 265 278 8 179 173 244 17 233 25 37 181 283 68 257 203 200 60 28 5 95 3 74 221 135 258 163 110 273 168 226 89 211 211 149 184 163 124 112 112 97 48 156 253 156 44 217 72 204 262 108 69 249 238 205 131 19 4 220 77 53 117 209 204 25 45 169 114 120 221 143 211 56 37 180 82 167 96 131 148 13 179 60 106 120 145 284 60 239 43 180 280 184 193 269 4
7 65 87 73 38 80 88 29 21 17 6 71 57 78 3 87 65 83 13 80 28 67 81 77 83 64 65 6 12 76 84 61 65 19 51 57 31 8 66 24 38 43 31 23 60 4 16 89 27 77 66 5 16 40 40 48 66 71 74 80 17 36 76 63 69 45 32 32 18 13 54 64 2 81 4 11 81 35 59 35 62 33 59 47 46 32 81 21 77 65
4 6 3 7 10 1 16 19 2 19 4 15 8 18 5 18 2 3 7 17 16 9 1
90 97 26 44 128 129 93 125 2 65 88 119 137 114 12 2 36 73 145 21 21 96 62 112 6 113 60 45 137 86 100 125 138 35 132 108 104 57 112 72 32 23 2 138 48 62 33 60 49 19 135 39 121 56 47 58 134 82 92 142 60 148 124 1 44 1 84 13 59 34 20 73 25 9 130 82 101 137 111 100 54 142 31 98 102 73 106 113 135 8 135 13 59 52 4 124 95 22 145 93 100 33 79 20 138 67 5 54 9 14 76 144 122 81 124 66 13 51 107 141 27 71 87 19 1 102 95 90 8 113 30 22 138 47 97 44 62 9 10 84 116 37 87 3 120 142 50 73 10
38 14 90 7 81 136 112 118 13 97 61 50 102 36 10 94 109 80 4 8 73 45 7 52 141 57 25 109 83 17 140 118 122 74 82 62 38 31 94 113 43 28 49 59 12 101 15 145 10 45 109 84 68 23 26 59 137 70 27 71 14 81 7 12 136 133 32 91 95 114 100 48 99 113 23 139 22 19 114 52 47 50 51 83 116 27 64 34 39 107 47 48 102 27 115 67 127 110 109 92 51 20 28 36 60 71 3 129 138 19 80 124 11 14 121 115 21 11 42 32 69 119 142 4 20 98 94 116 115 100 64 136 78 84 117 48 128 42 103 135 125 133 147 81 83 50 86 74 7
74 12 73 103 32 31 92 88 4 31 105 70 72 92 144 133 93 28 110 137 111 26 22 39 73 51 23 3 134 92 101 131 114 83 145 109 35 129 22 148 118 82 28 53 23 29 72 14 67 79 39 130 1 5 116 87 92 31 19 107 18 104 120 76 87 16 34 62 60 43 112 4 39 66 18 53 118 56 44 147 116 129 73 46 7 107 40 106 6 5 11 71 136 8 104 115 73 39 83 108 120 137 95 137 27 30 9 109 102 23 72 74 78 132 65 8 143 37 82 31 142 77 139 12 32 10 10 92 46 98 93 53 97 77 2 19 146 23 57 91 15 84 18 62 14 89 42 20 113
44 122 23 102 118 24 159 155 70 65 100 190 81 9 105 161 76 135 16 117 202 75 20 120 149 177 47 77 105 81 174 72 78 73 129 131 92 70 112 70 134 9 114 96 1 49 158 209 81 13 201 148 7 24 157 110 14 92 103 180 95 76 65 111 23 174 17 102 201 61 71 167 202 104 190 160 166 57 33 119 146 162 5 69 137 172 119 104 85 69 40 195 110 60 207 209 13 20 65 59 144 21 132 127 8 10 24 142 203 130 93 125 192 167 116 110 41 54 45 159 167 181 67 51 53 14 133 161 180 200 176 190 17 175 183 185 53 150 142 85 31 50 130 74 46 79 94 175 107 14 143 86 41 110 38 163 190 5 31 19 51 180 67 136 47 134 162 175 36 105 146 22 79 98 91 88 124 98 64 9 140 20 137 9 45 202 188 154 129 93 28 84 191 107 174 2 188 39 64 164 209 156 61 34 18 125 8 169 43 13
87 50 39 61 12 87 65 6 12 44 33 13 11 48 72 60 73 24 71 91 23 31 34 46 34 35 53 5 59 21 16 14 73 21 69 27 2 51 51 58 85 63 67 44 34 84 90 12 66 11 63 32 83 49 3 69 75 3 44 75 22 77 51 62 11 3 41 20 73 25 32 61 44 26 14 45 63 23 1 69 15 86 83 38 56 33 40 53 20 17 17 76 57
17 34 56 59 42 21 38 22 17 51 60 60 13 24 8 31 41 29 7 2 45 37 48 26 20 26 2 10 49 17 18 23 30 10 30 60 57 24 3 7 9 50 36 38 55 22 29 46 45 38 55 20 40 46 16 22 33 50 35 8 25 33
20 53 12 11 7 31 1 7 32 29 21 24 11 25 32 16 9 1 56 8 34 39 49 32 21 21 12 34 12 19 26 46 36 36 57 41 15 25 52 32 24 45 52 3 22 27 38 55 4 34 35 55 50 27 15 24 41 44
89 27 61 20 109 51 23 91 88 56 156 34 9 133 69 83 27 8 53 36 91 8 154 140 28 127 140 109 15 7 157 67 56 24 81 58 2 95 99 77 135 118 157 73 30 65 38 65 18 107 91 152 79 99 71 104 45 31 87 140 22 6 40 43 106 122 16 59 94 53 17 132 74 35 12 157 56 91 19 76 6 73 33 48 154 2 82 107 20 61 43 126 36 57 41 27 98 132 93 145 23 46 34 114 122 81 79 41 154 20 111 139 35 144 71 11 36 64 64 117 78 5 86 131 10 97 21 83 74 112 123 110 150 13 69 62 111 92 119 149 31 85 14 147 153 155 55 6 81 38 22 98 145 97 144 65 153 19
156 46 94 10 10 91 19 159 154 104 105 77 148 86 156 8 52 99 29 101 128 57 14 89 117 139 26 115 91 157 175 54 103 172 49 143 120 171 48 94 146 141 103 46 30 46 169 16 49 138 10 67 2 158 43 27 154 2 143 130 70 128 107 177 124 10 118 74 40 103 101 50 62 148 53 36 11 141 142 71 141 22 98 59 6 25 156 156 62 37 98 131 159 18 27 146 89 178 43 22 70 88 15 147 142 67 26 105 165 92 81 128 129 103 87 174 122 6 37 45 11 106 122 159 157 70 164 175 142 15 111 1 32 178 143 120 14 110 43 90 71 98 158 62 19 24 15 33 151 160 48 156 7 117 49 124 131 73 56 107 9 164 145 73 122 112 41 38 100 25 162 113 92 56 147 60 29 9 51
19 64 41 107 40 125 52 78 92 132 16 102 93 96 179 53 123 46 83 158 129 6 44 39 184 168 181 61 38 102 34 116 108 120 128 37 157 113 168 18 15 23 12 37 58 74 8 2 3 85 36 83 142 43 162 131 22 42 177 100 142 9 72 175 180 89 128 81 176 74 46 3 36 63 85 147 76 109 163 27 160 153 77 175 151 103 175 104 165 132 75 3 138 109 74 135 167 54 159 150 27 147 95 9 58 38 148 41 155 28 123 49 19 25 22 145 70 82 38 23 104 174 154 22 24 28 146 183 97 34 18 85 174 161 28 182 70 132 43 169 59 1 75 1 122 85 133 14 47 8 32 139 56 100 168 93 144 80 157 146 130 166 154 83 98 146 132 153 66 1 140 177 141 148 48 91 139 25 117 138 9 184 164 58 133 156
140 12 157 24 77 126 15 63 30 149 94 16 93 72 142 97 26 193 175 86 144 191 27 150 14 123 171 37 178 74 171 141 84 192 42 1 34 157 62 156 82 28 183 36 91 53 182 166 6 43 85 117 55 201 7 166 122 120 76 47 61 53 65 36 1 156 80 123 101 37 72 115 72 196 100 103 176 181 80 21 70 193 202 119 53 176 131 96 15 156 154 32 20 94 132 137 10 100 170 7 100 120 124 144 180 88 173 194 164 54 32 115 32 136 110 15 44 142 131 124 173 135 150 89 200 134 106 86 40 140 149 170 160 195 135 99 3 124 158 179 13 105 104 93 89 171 10 18 101 192 155 190 129 24 164 66 183 95 82 64 26 189 85 25 120 131 178 101 184 128 182 150 8 41 145 185 140 121 19 77 30 136 61 131 40 189 134 139 69 87 19 96 160 187 23 2 107 38 193 39 186 102 69
72 60 33 19 9 35 20 10 27 4 14 46 55 68 18 68 32 32 4 13 45 64 44 2 34 38 41 23 27 6 22 4 44 58 52 14 54 12 62 56 18 29 22 30 60 14 69 70 70 52 8 19 58 33 21 58 51 26 1 39 12 59 64 2 68 62 50 22 23 36 71 29 36 4
41 88 93 36 51 153 32 225 66 54 219 116 121 204 20 133 9 13 6 99 123 29 225 235 238 84 27 181 227 84 104 150 68 172 156 147 89 217 162 150 79 198 54 10 116 138 99 27 131 86 214 34 75 220 149 160 132 167 147 84 120 210 49 135 216 173 74 226 27 44 229 206 184 138 80 224 25 185 10 218 124 27 163 145 156 219 229 208 135 29 209 130 203 182 205 105 9 224 67 175 34 214 59 55 24 155 64 233 173 215 79 59 170 160 181 113 40 129 106 69 61 23 19 45 193 161 128 83 166 98 213 224 14 113 144 85 161 13 186 151 221 190 129 49 171 202 44 108 135 34 145 103 129 205 28 76 166 47 128 189 41 188 109 212 191 115 56 4 230 112 199 27 122 13 170 232 102 143 40 17 94 38 21 26 34 222 219 217 106 116 71 97 240 1 110 226 229 69 140 48 171 107 133 226 53 114 29 74 91 234 43 133 51 156 31 73 222 202 174 211 79 17 38 29 7 229 63 163 188 120 166 43 152 194 123 168 164 204 107 92 148
39 56 40 68 33 61 115 69 117 98 88 62 119 88 69 7 18 55 68 78 70 60 16 69 62 2 46 108 2 11 7 63 21 111 10 44 60 10 113 77 57 43 116 100 66 1 84 26 37 68 33 92 13 59 84 63 21 40 3 20 95 30 83 110 115 107 69 53 70 51 56 79 55 96 54 95 117 118 12 64 103 47 116 106 72 75 57 89 43 113 98 55 24 57 9 75 43 56 74 58 72 112 73 53 73 32 104 29 28 11 1 82 118 48 5 25 84 61 11 5
53 78 45 30 76 29 90 112 43 94 50 47 66 68 85 29 45 60 85 5 50 88 102 22 108 51 5 67 80 44 61 91 36 83 48 81 70 12 76 62 111 109 59 28 23 59 53 98 24 98 56 49 104 82 60 111 3 109 87 13 56 27 2 94 108 105 36 110 64 23 40 109 46 62 32 92 109 59 58 95 52 17 59 72 15 33 40 56 27 46 18 33 4 85 107 45 72 18 32 7 47 21 46 51 80 10 56 33 114 91 8 101 31 100 68
116 31 6 19 2 120 135 66 114 98 43 66 101 97 105 10 42 28 68 54 133 144 115 51 30 79 16 56 111 121 62 88 8 68 45 133 125 110 21 4 125 139 92 107 38 82 84 93 97 77 81 140 109 127 53 137 84 16 86 19 127 6 27 62 29 37 22 30 15 19 70 11 126 141 84 112 115 73 19 32 133 57 134 77 120 15 23 123 48 102 3 116 104 146 87 2 142 49 123 28 65 89 119 129 137 81 86 130 92 59 11 78 96 3 16 61 2 97 17 113 133 51 80 145 148 34 33 75 7 21 20 19 34 117 50 87 127 20 89 37 123 123 115 16 85 147 141 38 80
107 97 77 1 152 117 58 81 42 19 68 153 116 33 91 25 115 31 81 150 102 117 110 73 108 55 78 51 130 140 25 150 84 69 90 39 145 42 41 52 65 95 103 125 40 47 29 82 36 43 85 120 129 98 148 35 125 34 20 116 43 61 108 31 15 93 66 38 88 66 30 41 13 89 9 72 135 83 25 127 135 113 40 78 111 103 5 135 68 145 61 1 118 141 107 100 27 151 121 59 89 47 125 38 21 67 27 38 14 68 90 143 93 79 95 137 121 111 9 20 85 83 8 38 23 125 142 9 130 76 85 92 46 11 124 5 45 129 59 17 122 18 147 111 138 83 42 139 103 34 98 18 143 45
65 61 49 72 34 20 61 89 40 42 36 61 80 51 89 45 79 77 65 36 91 56 19 32 58 10 88 25 82 86 2 52 86 8 69 67 29 92 31 29 37 16 70 24 56 74 66 47 38 28 89 65 86 37 66 30 15 2 31 33 42 9 34 91 63 65 27 76 44 64 23 79 86 34 82 89 4 15 15 77 49 90 43 27 73 59 82 90 83 14 30 4 18
14 36 12 5 29 52 39 34 26 40 1 4 25 27 11 50 33 51 37 3 38 2 9 8 15 53 34 3 21 24 15 3 11 25 45 4 50 3 17 13 6 42 51 3 7 41 27 9 41 33 8 3 20 8
23 109 90 88 122 27 120 124 122 111 90 64 26 42 112 63 21 88 76 35 50 123 52 23 120 122 108 22 77 62 105 105 104 89 110 119 45 62 52 122 59 86 72 80 39 88 45 31 53 9 116 10 23 49 103 1 18 49 48 114 55 81 16 49 111 45 44 113 14 124 83 57 29 86 98 46 58 81 83 91 72 37 83 61 118 49 26 121 2 116 16 10 81 49 63 108 22 109 117 85 75 21 87 11 40 107 116 86 37 1 115 33 97 71 66 27 37 114 63 96 41 120 95 36 126 112 22 73 6
38 5 39 1 21 23 39 23 10 25 54 36 46 2 3 2 30 17 2 17 46 1 5 25 47 7 13 53 30 37 51 49 14 35 19 50 39 20 11 18 56 13 42 4 3 48 42 15 19 27 5 7 40 12 45 56 53 30 17 15
11 13 2 11 1 9 11 11 6 3 7 13 3 13 7 9 8 9
7 95 90 12 84 33 99 50 83 12 14 65 93 41 39 13 51 79 62 27 61 73 28 72 6 97 3 49 57 66 36 89 27 69 98 62 15 34 90 11 84 12 39 71 4 68 80 32 76 68 33 14 56 38 91 46 10 49 29 45 100 41 27 22 92 92 26 65 9 57 64 74 75 79 33 47 54 38 6 84 35 94 43 69 3 43 16 57 79 81 72 66 59 75 32 60 77 59 86 10 58
133 186 4 32 226 137 92 227 67 258 98 58 149 256 166 245 78 23 122 210 17 208 122 171 176 204 192 228 141 234 73 130 155 34 102 229 58 233 26 123 195 37 253 52 138 55 118 125 236 252 20 66 101 66 172 258 227 17 24 110 215 69 43 21 183 229 78 213 209 137 198 195 93 141 78 79 10 181 105 178 49 60 181 150 79 36 192 83 2 42 82 181 38 114 149 190 137 208 165 7 205 38 94 145 190 227 232 78 73 244 201 39 234 215 140 45 227 151 107 159 235 182 59 258 30 10 170 41 180 7 136 66 86 239 73 191 70 162 52 197 226 229 209 124 14 127 248 218 8 245 78 40 147 157 177 222 32 157 109 107 25 43 164 210 122 90 194 216 249 78 107 77 197 78 181 51 95 203 250 230 95 201 217 184 27 135 171 9 195 23 195 50 67 188 18 85 36 133 240 133 235 223 107 134 125 10 167 240 84 247 22 206 92 10 61 201 197 85 248 156 31 35 231 258 22 133 16 116 259 130 6 116 252 227 48 5 186 153 133 35 213 179 139 153 256 246 127 44 203 90 215 51 182 1 223 73 174 43 90 173
4 15 3 15 8 13 16 20 8 2 12 18 15 8 15 3 3 11 11 6 16
11 1 12 21 22 15 13 22 8 20 17 21 22 18 22 17 22 12 15 18 5 11 15 21
59 79 107 52 44 58 30 54 81 53 36 45 71 58 90 84 28 50 50 15 63 98 91 73 36 105 58 98 81 13 6 112 72 11 13 19 60 6 82 16 12 94 74 24 77 77 102 4 96 2 55 14 40 21 102 40 51 9 94 22 108 53 16 91 36 90 36 29 78 54 64 14 20 90 56 5 46 8 23 107 11 98 22 2 112 77 60 111 80 86 64 73 41 110 90 7 93 62 38 109 66 68 109 32 56 107 32 1 75 63 26 105 38
136 46 122 101 12 72 140 92 41 54 50 10 140 138 68 4 72 125 11 76 123 53 141 80 95 117 85 9 103 108 81 52 52 29 85 33 20 82 20 106 16 83 138 65 112 105 10 10 54 21 3 54 112 84 82 111 99 133 41 49 121 76 26 107 103 83 142 3 125 97 130 106 97 10 22 93 105 49 2 106 117 36 24 54 99 140 133 10 5 105 16 104 75 128 85 78 48 101 53 54 132 59 8 18 131 1 90 142 93 78 5 113 82 26 48 92 105 32 112 106 53 113 5 10 107 104 9 123 2 141 6 70 58 1 54 40 19 44 47 118 76 15 1
10 39 65 2 46 19 54 58 105 102 7 118 75 136 89 84 128 94 62 133 71 32 78 19 20 113 68 76 93 36 66 7 87 65 50 81 68 5 81 18 60 140 4 71 54 144 43 115 124 115 134 25 59 126 88 88 35 81 53 70 21 56 88 41 133 24 77 5 114 65 25 145 114 112 67 73 101 136 81 117 82 137 109 25 7 151 100 13 11 127 125 18 2 131 1 127 49 67 105 32 150 118 19 38 132 29 148 136 79 56 104 107 116 76 23 99 146 20 8 32 131 82 88 35 32 59 12 12 137 39 47 123 130 117 43 82 140 46 145 60 133 36 84 70 117 77 117 113 118 38 80 7
154 72 161 173 89 76 265 57 213 31 29 270 152 187 179 194 105 44 5 186 270 130 159 108 90 37 184 169 9 147 6 111 32 95 205 242 131 243 66 36 200 154 77 195 217 201 142 257 216 162 33 60 3 107 82 76 34 256 196 213 64 85 73 195 195 253 270 2 268 208 210 221 240 49 241 149 198 255 209 94 256 227 80 170 262 116 221 224 180 116 58 196 83 89 31 247 185 35 137 260 132 178 105 135 40 16 103 163 206 40 221 36 159 51 122 268 180 178 2 13 274 70 261 184 260 103 106 102 77 77 41 164 230 121 195 119 109 187 269 47 237 265 189 22 131 77 42 150 257 114 22 118 186 38 238 229 3 210 132 94 179 218 191 167 130 79 232 154 32 125 121 159 103 101 108 39 107 84 163 264 149 252 115 96 246 197 109 135 129 188 222 183 156 87 13 208 79 32 14 42 263 53 227 163 186 97 61 70 244 225 133 235 101 194 252 229 161 114 257 21 10 15 11 231 74 79 16 3 124 9 70 155 19 246 158 141 76 12 68 251 173 18 178 59 129 150 170 250 151 201 218 21 16 189 237 96 82 163 121 262 152 23 166 208 261 240 274 63 204 156 76 79 108 41 208
8 115 245 230 99 103 116 250 55 233 81 196 247 52 183 249 16 43 210 28 216 124 40 153 12 75 72 179 230 213 67 229 222 90 207 150 140 36 223 212 217 42 186 81 224 135 129 234 199 35 238 69 176 202 17 100 57 254 91 166 129 40 151 18 222 200 209 192 196 5 59 100 107 103 64 183 259 109 256 83 210 81 64 21 20 30 125 63 170 70 150 211 228 120 127 241 196 118 199 186 88 121 131 139 7 86 159 105 236 174 19 145 25 37 227 150 31 33 146 208 120 92 111 25 34 100 176 36 129 219 64 258 174 30 124 95 158 174 40 93 214 153 99 137 220 140 140 38 171 239 197 101 244 229 196 114 27 148 98 18 66 221 166 85 109 161 199 22 17 199 195 60 141 200 13 65 166 236 192 124 18 134 21 78 232 42 216 126 6 134 104 240 40 60 50 37 196 118 12 114 17 84 103 236 18 95 25 97 114 69 143 49 44 64 89 101 19 129 132 217 213 83 199 247 49 36 255 56 172 161 88 106 41 251 242 102 233 243 44 165 258 80 258 4 67 185 251 124 84 253 59 230 151 248 206 127 156 139 94 95 98 67
69 73 26 93 18 70 99 69 119 119 56 84 94 23 62 50 73 40 123 97 83 103 111 61 105 62 39 59 50 90 75 25 3 110 52 53 57 27 45 101 102 43 59 23 123 48 39 22 56 17 75 52 53 4 8 122 27 111 14 15 18 96 18 32 99 79 8 54 14 23 97 53 22 93 83 32 35 83 121 23 44 93 120 109 43 55 95 57 17 63 75 70 119 113 59 7 29 65 33 82 60 113 19 95 64 108 88 64 89 83 31 30 115 73 52 123 121 62 101 36 121 93 1 109
37 29 21 57 5 67 42 4 7 55 64 43 11 50 57 18 57 7 42 40 28 37 31 52 64 19 5 44 53 24 15 58 44 12 32 55 30 18 18 59 57 26 42 23 10 29 22 38 8 48 32 5 10 26 2 1 24 48 37 65 8 45 40 64 39 26 36 24
83 43 25 103 208 155 250 39 178 123 264 113 87 56 149 64 137 242 245 39 134 142 258 3 74 6 26 161 144 61 233 254 233 3 28 179 168 85 26 136 52 10 148 9 107 121 121 137 141 90 3 122 223 126 169 219 86 19 44 180 83 24 87 32 54 111 30 52 226 65 175 110 189 232 95 196 214 1 175 128 98 33 80 91 5 13 63 222 7 111 28 87 111 218 35 22 173 262 158 13 217 154 199 136 210 48 84 186 232 72 264 159 201 86 196 83 119 166 75 186 116 152 74 60 127 4 31 83 189 6 188 178 166 2 77 38 73 123 75 26 84 156 21 225 109 169 137 246 9 52 95 185 27 40 220 10 267 103 247 66 87 24 72 112 11 122 117 166 179 38 56 241 15 47 181 169 94 253 33 40 107 48 63 203 28 158 61 257 110 78 258 118 199 140 258 46 265 267 34 149 86 25 90 162 210 257 126 214 151 255 240 4 26 154 2 260 24 187 123 158 11 44 23 152 261 106 6 159 96 4 203 58 80 40 81 96 172 113 211 173 36 50 143 158 44 167 221 52 187 45 73 27 171 170 120 237 30 52 150 133 252 187 175 175 19 12 156 96
48 116 8 46 121 14 68 34 48 150 86 109 80 82 139 144 2 147 132 150 160 111 71 5 107 138 7 58 147 65 55 102 2 155 14 102 24 120 30 115 96 113 39 40 6 53 134 77 117 27 82 96 120 103 131 18 3 111 18 86 157 101 7 114 42 26 59 146 115 23 155 111 122 124 5 42 154 36 109 158 46 111 40 66 84 139 22 35 14 123 144 72 97 68 126 133 127 55 15 143 64 143 161 156 162 57 42 33 64 92 121 110 90 53 101 115 65 92 41 61 91 106 127 19 23 45 154 38 1 89 78 115 60 118 125 130 158 52 12 129 110 13 146 79 148 76 51 91 147 22 12 114 79 43 143 129 132 40 105 21 71 85 101
222 115 1 157 191 63 163 21 160 198 105 213 217 215 231 60 81 40 173 228 49 119 188 22 154 168 95 48 140 106 31 191 228 229 16 96 23 62 179 167 23 189 231 189 42 71 179 33 195 7 35 204 96 46 94 146 161 217 121 183 229 57 15 34 49 203 103 169 29 42 144 232 51 168 202 207 39 189 4 181 159 123 236 50 226 17 183 175 47 217 155 221 63 106 165 231 176 93 35 176 150 84 147 177 185 95 4 108 37 89 14 149 53 33 38 57 106 187 54 130 62 218 141 227 24 23 138 158 171 201 128 13 170 220 118 41 27 104 148 192 174 228 110 119 231 144 198 192 140 82 180 195 218 113 181 29 34 73 4 174 97 88 102 188 33 65 54 229 107 128 35 170 106 159 11 165 74 117 185 184 201 84 123 21 121 219 183 65 37 221 144 65 21 95 222 132 101 231 169 230 85 185 177 72 186 25 215 57 140 171 141 222 193 173 200 147 123 70 164 19 76 139 77 201 93 65 9 119 68 228 237 119 51 105 169 39 137 17
16 66 13 165 163 102 108 149 123 126 157 30 201 52 63 54 65 186 175 169 115 97 151 200 32 48 127 52 40 28 92 7 34 97 152 108 176 158 111 98 74 203 68 196 100 117 61 198 62 164 9 99 28 177 132 70 88 123 96 87 153 205 72 7 195 112 40 4 139 59 138 91 94 209 36 148 181 16 141 48 21 37 193 213 203 53 9 105 135 150 18 19 169 132 1 179 159 146 199 30 133 26 57 171 159 192 49 206 104 49 10 81 66 157 8 211 61 25 97 125 33 39 31 12 43 53 206 50 23 53 128 199 136 92 95 194 144 18 153 60 147 188 156 93 121 31 195 212 127 93 24 189 66 68 32 54 148 211 180 75 89 161 14 168 148 63 155 91 128 208 3 213 147 164 66 105 161 35 163 213 164 63 112 80 193 44 190 15 183 40 45 3 4 59 165 57 135 154 29 167 22 94 78 208 24 74 194 13 79 25 31 114 186 7
229 160 57 242 230 15 16 146 55 29 202 52 239 95 15 48 1 80 157 57 204 41 166 82 109 210 31 135 86 151 157 59 115 58 97 222 40 204 170 20 163 175 229 67 166 92 58 119 77 176 117 231 9 180 176 173 146 76 206 225 199 89 164 86 105 242 96 57 9 90 97 136 14 112 66 231 37 159 62 18 217 128 132 115 139 56 196 145 184 64 20 153 7 74 220 6 171 197 241 30 50 116 136 103 235 122 187 158 114 225 86 43 80 206 120 219 239 246 204 79 132 236 161 80 187 206 119 24 128 189 52 155 71 68 94 146 68 186 132 134 159 192 40 103 85 245 69 201 124 26 48 45 230 70 238 241 177 3 210 141 201 137 157 24 98 150 88 198 47 159 64 20 12 27 181 194 103 59 57 98 46 141 31 232 213 155 67 162 124 91 150 168 23 121 74 47 46 110 79 37 74 224 50 191 33 160 28 132 93 66 215 127 36 115 5 173 24 234 14 161 145 222 136 169 234 206 200 72 226 214 90 217 65 188 83 245 199 159 26 152 193 221 50 194 36 90 186 202 139
12 28 81 99 82 67 69 43 15 58 4 28 26 110 95 20 96 29 27 47 36 39 14 99 11 107 12 66 54 104 110 24 79 83 63 62 9 89 23 72 6 71 4 38 35 106 86 72 114 89 23 90 31 36 42 6 72 109 51 40 39 10 70 96 78 38 26 82 20 8 9 2 71 24 92 61 75 95 3 48 96 19 3 8 54 53 103 106 15 95 26 114 71 19 43 9 91 9 44 44 6 87 67 56 90 25 41 77 40 108 55 25 14 30 44
12 20 23 22 47 25 8 20 22 11 34 21 13 15 52 24 23 50 17 6 35 2 41 18 40 43 38 30 19 37 28 27 11 4 6 30 43 5 1 15 44 32 44 8 26 23 34 53 35 52 26 38 41 31 4
136 1 187 181 94 73 92 128 133 135 28 14 180 106 129 187 28 67 82 117 169 202 77 194 88 86 21 141 12 75 176 12 122 194 3 99 174 8 71 191 171 77 201 153 31 13 125 97 56 49 138 109 59 135 131 167 155 135 182 45 155 113 61 55 146 189 190 136 124 4 97 119 120 160 14 202 58 182 133 96 108 71 159 76 138 117 29 70 193 161 135 151 49 85 116 171 109 102 201 111 46 66 178 201 137 47 169 91 40 88 143 31 125 105 98 54 175 200 77 118 155 150 102 27 145 134 168 42 178 45 5 117 119 97 123 156 188 129 122 32 104 94 81 132 184 111 147 96 103 145 12 29 123 102 140 103 125 25 198 127 188 140 24 164 35 47 6 113 174 156 17 140 1 174 117 30 172 111 2 29 105 78 177 141 25 173 59 200 162 59 82 46 182 64 130 175 156 36 121 38 58 132 28
1 2 2 12 1 10 21 23 17 11 9 21 18 5 19 17 6 23 9 9 9 17 22 10
215 122 223 41 69 126 89 92 148 104 142 22 173 183 154 72 248 101 185 10 40 189 206 100 37 143 3 201 38 149 12 223 94 144 45 175 252 237 149 62 109 182 236 232 7 100 115 11 127 65 75 36 240 7 210 112 245 239 151 224 122 208 150 69 81 113 170 138 13 103 192 27 117 122 30 123 219 39 209 169 130 53 154 102 206 4 198 175 160 138 42 104 182 182 113 225 47 241 36 24 49 172 222 114 185 226 19 111 217 18 23 205 235 49 3 211 51 10 200 113 176 195 227 75 10 51 134 72 9 107 239 139 226 229 200 24 8 50 218 155 43 87 238 220 201 55 162 18 163 121 244 21 146 41 64 15 21 139 179 82 151 100 66 246 145 95 101 7 110 247 179 192 53 222 212 39 205 192 245 36 145 146 198 188 69 55 12 254 205 140 161 20 123 154 33 25 51 133 118 53 36 242 254 95 180 7 33 114 12 2 77 13 227 189 42 135 183 126 113 120 1 183 15 123 140 34 252 117 108 84 91 70 25 97 154 62 236 163 55 24 19 120 79 43 119 233 40 144 45 140 211 40 136 114 161 131
106 109 121 156 53 166 175 39 57 156 98 67 31 54 99 160 64 58 20 86 22 86 33 170 16 97 84 50 8 67 160 143 16 173 66 94 110 27 164 88 46 169 66 114 78 90 40 128 105 162 154 19 120 101 51 11 172 143 13 113 151 109 79 156 146 13 93 113 169 18 26 115 119 27 5 111 165 53 154 17 145 124 101 167 172 30 21 72 75 160 128 70 89 68 87 174 146 114 23 162 102 22 124 77 29 87 129 15 71 42 138 101 26 105 149 144 128 123 21 99 108 156 156 105 135 148 4 60 132 13 14 100 117 96 164 7 81 174 121 60 103 8 130 120 100 160 95 157 151 165 82 113 46 140 119 50 126 20 149 135 14 34 67 38 38 176 15 106 6 94 83 46 33 41 145 158 136
113 283 144 83 34 228 92 34 36 212 42 127 115 224 238 79 43 262 78 70 253 206 169 243 54 159 136 177 102 77 153 125 58 139 202 182 233 209 6 191 283 273 83 83 223 261 256 108 94 39 40 27 237 221 95 42 138 97 204 167 128 248 110 228 86 110 233 43 95 71 251 81 68 158 254 221 146 206 194 110 124 38 175 62 248 62 136 248 249 264 113 39 3 194 267 58 130 11 272 76 165 121 249 229 202 57 168 32 169 244 7 183 65 28 264 64 170 138 268 76 142 34 71 230 78 91 154 180 243 76 193 59 66 132 54 26 190 199 277 233 240 283 16 207 121 75 232 167 206 131 126 4 179 247 102 26 239 155 233 136 126 131 199 28 42 14 98 258 247 132 205 163 257 186 2 176 45 115 192 113 168 9 73 226 207 255 100 164 162 1 170 67 248 126 138 271 106 87 276 31 276 192 151 52 141 176 71 147 39 125 257 111 262 59 86 35 63 83 15 154 272 175 277 101 136 27 202 217 13 249 194 143 184 180 275 4 64 34 48 90 214 192 115 6 174 250 85 73 151 76 24 25 236 69 9 203 226 33 203 176 126 150 141 76 32 115 163 280 281 169 185 239 101 121 219 48 256 223 190 131 114 219 228 25
4 74 26 71 76 11 66 53 13 27 25 23 49 62 34 71 30 46 9 35 58 14 3 38 12 20 8 40 10 62 37 61 64 65 26 75 18 10 38 66 54 14 29 64 39 8 74 15 54 13 11 49 4 47 27 76 5 49 1 16 10 27 44 77 12 40 56 15 39 57 28 3 46 33 19 28 15 77
23 118 169 130 52 161 41 49 114 123 54 118 136 158 61 30 5 87 165 89 99 8 78 133 172 181 149 7 53 30 155 140 180 119 84 116 112 153 131 151 175 23 99 27 81 21 100 79 92 125 48 14 64 42 158 41 155 49 93 180 61 116 74 107 137 155 38 11 52 169 20 161 44 21 95 11 143 152 139 166 83 114 93 123 53 99 15 150 14 109 92 168 150 48 73 26 180 178 1 2 30 157 149 43 169 129 121 131 16 155 45 15 115 147 162 114 74 36 127 84 105 104 46 80 4 62 106 102 120 93 75 152 102 146 50 117 132 166 49 21 106 106 48 154 68 144 31 77 72 47 19 58 131 161 5 3 181 87 94 95 75 141 160 80 168 148 181 71 72 109 162 121 101 135 161 167 116 162 113 53 56 48
45 30 37 6 54 84 47 64 40 15 47 44 73 7 75 56 43 4 71 80 30 51 81 80 78 43 23 7 76 4 84 83 40 85 20 69 62 49 42 25 82 59 19 72 85 5 85 14 64 50 83 65 76 35 3 22 80 63 34 76 15 51 71 62 46 1 64 21 57 27 37 22 60 56 68 1 29 38 70 18 19 11 7 78 43 47 45 41
80 151 10 162 94 123 112 15 102 81 130 6 36 68 6 13 79 155 124 145 118 160 81 31 133 153 123 77 100 106 101 59 24 113 93 80 101 124 108 65 117 162 53 10 90 87 124 77 48 136 119 119 105 73 125 166 102 124 26 35 44 74 166 74 152 130 51 88 171 47 17 110 7 7 71 18 162 27 88 139 142 30 19 40 23 84 159 147 56 82 43 82 126 26 140 53 163 158 6 13 26 138 69 26 134 5 90 121 59 141 65 51 23 35 38 91 77 75 30 16 159 168 24 5 133 143 23 8 146 150 36 43 126 108 158 12 155 123 77 84 28 95 57 141 47 100 114 120 115 127 88 87 111 146 114 65 161 116 170 13 80 99 84 115 82 92 84 44 101 4 13 127 150
73 67 7 3 40 150 69 91 153 115 118 77 13 47 7 110 99 102 152 58 109 80 151 38 113 69 147 76 69 154 29 135 1 148 23 123 21 9 24 61 86 141 60 30 45 131 9 149 62 133 61 51 43 106 11 1 134 36 77 49 83 123 39 3 80 104 59 113 36 22 140 45 40 12 28 129 3 153 118 138 8 92 62 150 144 83 38 113 63 39 48 148 106 86 119 58 93 88 131 37 20 79 54 81 16 84 12 111 131 27 10 104 23 48 110 134 46 85 105 50 77 67 10 60 51 17 2 21 11 124 47 86 67 5 27 146 33 120 29 112 61 28 69 128 141 134 153 32 61 32 114 64 35 77 29
152 71 37 177 105 15 89 153 72 104 123 88 179 8 54 109 104 93 158 27 62 123 124 102 62 170 140 105 47 133 156 142 112 120 141 1 77 28 100 70 158 174 125 11 173 146 152 164 35 182 117 1 65 114 116 17 91 6 46 27 100 153 51 15 99 175 136 51 178 142 172 154 97 85 53 66 45 141 98 26 61 26 41 72 126 100 104 2 122 94 164 54 25 139 117 80 160 123 11 75 51 160 89 6 89 8 158 80 59 61 129 35 41 1 27 119 181 37 143 177 101 139 6 104 4 127 124 91 152 57 76 133 24 19 33 109 41 48 141 6 103 64 65 160 7 159 84 159 136 180 97 26 37 36 23 6 32 168 177 76 138 142 115 174 110 54 81 14 26 151 7 1 65 147 51 164 119 86 71 64 43 134 109 164
178 20 95 207 196 76 107 135 56 158 93 94 101 131 183 15 15 4 206 153 115 7 163 137 159 116 84 73 55 27 57 33 79 40 17 119 68 180 59 199 126 44 86 187 94 95 62 179 39 147 209 54 112 89 26 115 43 73 53 26 10 166 164 60 15 196 126 186 119 97 209 41 168 71 143 202 111 168 197 177 38 43 180 13 156 68 105 150 12 17 60 50 97 38 85 54 64 147 166 12 21 76 188 187 52 1 9 164 144 116 65 76 124 125 52 48 199 65 197 172 120 73 65 161 19 64 109 92 28 178 90 105 52 175 191 180 73 178 96 84 160 25 41 181 138 49 166 101 146 50 199 175 99 200 24 102 116 152 29 34 70 60 165 142 8 21 2 146 58 99 40 83 70 74 171 143 167 114 193 195 203 167 26 161 19 185 18 191 5 156 138 206 88 11 121 19 129 188 143 196 10 66 142 28 48 2 63 65 90 195 114
1 141 41 4 35 32 87 126 8 58 139 157 137 121 33 153 31 73 40 30 104 20 24 59 76 161 129 42 127 44 131 112 96 153 73 71 18 17 123 3 57 9 140 137 115 61 141 80 153 27 34 68 39 96 141 72 113 159 120 108 90 74 102 58 71 112 130 151 96 29 85 158 154 137 159 101 141 14 65 156 41 72 15 25 38 27 14 45 107 77 90 123 158 154 14 9 125 133 5 12 133 33 134 28 112 142 103 15 76 116 63 116 48 79 99 58 69 163 125 150 146 45 40 53 50 156 92 126 155 82 117 160 141 129 151 43 134 131 162 8 155 25 121 37 88 82 111 6 112 2 53 27 7 107 35 32 155 6 37 132 78 133 161 16 45
101 89 169 134 32 190 113 182 110 91 85 161 138 161 9 148 63 14 21 87 127 165 101 163 54 192 3 163 91 73 52 162 129 71 129 109 37 186 181 78 19 136 85 67 147 32 159 124 129 89 127 49 152 55 112 70 50 120 122 58 56 70 11 129 147 178 131 63 103 106 6 189 137 24 66 179 10 189 163 29 177 171 69 123 158 134 47 192 41 176 50 24 178 177 183 38 28 45 157 45 158 22 81 50 95 10 11 144 12 31 189 106 9 43 79 181 154 38 89 182 65 44 121 55 106 66 178 16 142 49 16 69 50 113 86 72 6 5 50 83 49 15 9 91 156 16 120 184 134 149 77 98 120 140 178 144 91 36 12 10 78 49 5 23 178 11 85 7 163 56 187 42 38 66 147 122 128 57 9 164 154 31 15 162 155 179 145 164 100 166 165 27 151
5 99 124 99 125 76 46 134 151 164 88 76 86 9 127 155 98 29 42 86 98 134 8 72 32 46 8 47 12 37 71 154 156 34 147 105 88 123 158 12 50 39 6 118 118 107 104 100 127 46 76 123 45 98 80 5 16 19 37 105 164 31 152 138 25 100 113 144 53 1 139 110 129 75 141 9 25 4 16 160 70 83 75 166 34 87 52 13 85 85 94 113 114 130 140 135 164 78 149 118 45 86 56 128 162 112 76 42 99 115 109 18 165 138 20 102 29 160 167 129 32 17 83 64 1 160 24 14 98 150 42 157 133 68 126 154 15 145 101 45 128 39 122 37 92 97 118 107 90 103 58 38 16 139 56 4 81 46 163 94 134 161 84 101 121 46 159 27 105
28 27 68 71 89 50 61 92 63 55 29 43 59 10 60 17 3 77 43 52 88 63 56 25 5 60 84 66 56 10 77 89 8 30 18 8 54 63 39 77 95 66 13 31 3 89 35 91 59 34 88 80 40 60 26 66 13 57 17 63 64 16 60 49 24 74 19 40 26 59 11 56 44 80 71 5 47 17 1 41 32 72 77 67 67 5 56 18 54 56 16 87 65 16 33 42
112 46 127 50 77 66 87 44 72 126 28 24 20 7 88 7 59 94 35 45 66 45 8 116 67 54 59 34 100 42 46 103 18 19 126 70 25 14 98 85 86 12 119 89 128 14 42 88 69 14 44 25 37 75 121 108 41 38 5 25 49 112 46 128 6 106 76 113 16 23 69 20 4 20 80 113 133 22 19 135 79 82 48 21 48 103 58 110 73 59 106 18 10 105 101 118 46 82 31 71 27 67 51 25 41 35 66 78 117 83 134 101 44 106 27 100 103 6 20 118 24 43 10 62 91 70 28 99 4 122 129 77 43 35 74 80 90 120
14 12 2 7 4 8 5 6 9 6 17 17 10 16 14 4 9 10 13 7
5 10 19 20 5 10 4 1 1 9 15 3 13 17 17 13 20 10 3 10 2 17
13 70 34 76 62 9 51 82 66 24 47 61 69 22 33 70 78 55 43 32 41 5 26 70 3 62 58 55 32 33 58 63 74 50 5 9 55 56 50 80 77 2 9 58 45 54 30 72 31 23 46 62 8 63 27 22 72 47 66 28 58 37 17 45 3 1 62 22 57 24 76 48 79 22 72 1 9 70 75 82 64 37 62 18
132 73 145 88 33 102 61 145 65 191 176 197 100 84 67 29 124 116 89 141 177 12 53 48 147 200 76 18 27 31 207 214 61 141 182 5 97 76 144 220 135 96 61 39 182 82 175 40 28 62 91 222 224 79 221 131 82 56 136 199 212 150 103 219 182 177 85 80 98 35 75 148 78 27 77 102 212 15 192 141 32 180 21 6 216 197 221 122 110 172 212 176 121 211 224 77 216 117 60 135 27 106 148 143 88 75 28 55 205 144 181 147 223 27 174 68 73 59 182 220 191 171 53 110 73 5 93 216 32 32 211 132 61 84 124 19 57 121 76 200 225 224 117 61 21 132 161 214 142 62 160 181 78 27 197 184 137 6 32 116 100 35 14 170 157 176 176 120 1 113 69 135 150 129 37 134 208 191 159 206 93 61 50 82 53 157 105 223 32 36 48 211 223 129 34 41 176 85 107 122 218 185 150 58 196 108 195 141 188 118 20 144 142 180 139 131 224 39 207 135 70 55 68 156 32 95 17 67
14 37 5 46 44 65 27 59 40 12 31 69 67 29 46 45 67 26 64 50 67 48 21 17 70 72 17 62 65 45 41 38 72 11 72 62 59 13 20 40 27 50 62 24 75 55 66 63 70 22 41 54 25 21 45 61 5 68 3 42 53 48 20 21 67 53 49 41 15 39 59 43 42 19 18 20
63 17 77 24 62 40 51 57 39 33 10 43 24 76 86 3 64 76 2 14 28 11 6 50 39 46 81 58 37 4 37 33 52 1 50 51 52 71 43 60 47 68 79 4 58 35 82 23 5 6 75 16 81 48 82 45 77 27 30 14 19 36 64 59 5 43 86 76 44 9 74 4 49 35 69 58 49 3 54 22 51 81 70 43 25 61 49 19
18 26 6 26 21 31 5 29 13 31 35 12 11 8 9 1 16 12 35 21 3 18 13 5 34 11 36 12 34 34 20 3 21 3 24 24 28 1
141 93 27 147 109 136 109 159 125 63 88 38 144 118 32 50 5 136 67 7 88 10 67 85 177 187 146 106 38 1 53 63 185 16 103 57 90 101 166 21 6 27 59 17 153 25 6 104 40 52 36 32 164 137 7 38 120 43 57 16 69 84 102 39 128 93 152 141 87 116 30 120 51 80 81 143 136 71 161 57 26 144 24 20 28 43 130 27 172 123 70 127 12 70 22 101 49 13 77 71 29 44 155 136 82 89 92 180 102 143 1 64 125 178 11 170 154 106 155 38 75 125 112 110 117 126 55 95 63 72 157 102 7 41 56 122 71 29 123 122 145 106 122 97 85 135 81 142 115 182 112 93 64 35 160 81 77 121 132 142 110 99 146 165 38 134 47 141 173 151 84 38 26 72 118 45 111 138 49 170 177 101 11 184 166 127 128 14 71 52
89 33 131 107 158 88 10 145 116 31 155 173 1 46 162 87 6 108 35 115 1 119 59 101 18 70 69 34 1 5 35 25 105 42 102 35 53 20 75 109 39 57 73 83 30 67 41 62 72 103 29 70 116 82 151 152 10 163 95 141 159 49 51 20 134 101 19 101 30 66 169 123 23 31 154 20 77 151 174 38 124 112 24 61 117 28 50 126 37 6 23 10 65 68 44 71 125 31 139 93 101 86 140 71 126 125 64 125 48 49 170 7 106 147 52 141 104 156 94 68 15 39 53 110 72 10 38 71 168 98 172 168 24 116 165 16 172 87 9 39 16 40 70 24 115 32 69 140 76 145 46 161 164 161 143 10 170 151 69 67 24 46 4 18 93 84 154 97 173 10 106 98 148 123 108
40 140 33 99 103 110 21 90 108 69 123 123 11 113 136 129 39 85 126 49 93 123 100 129 136 14 23 51 63 107 16 109 21 74 30 137 117 134 55 33 54 61 58 134 140 34 101 88 55 36 102 39 89 53 74 122 20 119 32 72 4 40 131 28 9 23 113 51 26 1 96 21 51 104 19 82 104 124 114 64 94 57 118 120 141 16 33 135 136 31 81 119 25 121 86 27 78 73 121 59 65 30 7 22 80 12 124 73 119 83 27 66 114 39 120 124 79 111 102 108 56 36 21 5 92 76 45 11 88 39 76 118 122 82 87 2 26 85 112 63 49 77
18 93 94 7 56 66 11 79 112 88 16 98 61 115 48 42 8 59 49 25 79 85 85 86 93 103 102 2 101 115 76 29 50 7 38 113 22 97 67 68 62 38 51 46 37 91 117 3 98 47 61 11 59 17 9 47 15 98 1 106 97 62 19 46 77 117 100 36 30 6 89 64 83 94 77 21 86 50 96 52 58 117 68 79 12 23 81 45 65 97 41 54 115 96 41 53 78 81 1 18 105 69 117 31 111 10 42 2 74 99 62 97 96 7 38 56 19 96 19
5 15 22 8 10 6 17 5 20 3 16 11 17 8 18 7 17 23 23 2 19 5 3 10
64 102 33 164 118 133 148 71 87 31 25 116 50 79 128 16 103 57 76 43 71 3 113 38 84 158 29 102 44 50 120 90 41 73 32 115 82 153 44 76 26 161 9 93 161 93 26 124 116 90 135 136 14 32 100 106 7 132 74 26 29 91 132 61 6 163 63 125 61 64 52 8 113 7 155 24 19 165 20 146 35 154 151 109 84 102 29 155 137 52 127 9 158 63 14 44 81 112 102 49 98 62 116 89 56 126 72 118 129 73 147 23 127 115 51 56 127 127 133 42 149 28 82 44 40 65 110 139 64 74 87 93 158 12 80 132 124 143 16 29 99 94 149 118 46 132 75 75 20 157 20 37 116 50 70 153 56 85 91 132 65 154 24 62 48 74
59 194 224 114 57 236 19 152 59 228 17 77 24 73 47 66 45 102 35 191 72 75 76 53 162 11 210 91 196 175 93 176 189 63 203 60 87 208 127 26 121 234 14 152 57 9 197 41 126 4 156 92 183 145 173 143 33 5 145 8 62 130 228 167 205 158 204 181 249 159 231 109 110 2 94 147 188 108 122 166 69 64 125 33 238 1 204 146 163 117 97 43 228 57 148 31 217 245 184 21 174 13 31 30 143 81 84 245 19 41 42 2 109 12 222 63 211 142 107 221 61 225 36 177 206 64 183 101 12 127 97 64 233 238 92 184 175 141 80 155 16 228 152 130 48 2 234 73 179 96 15 44 230 70 26 101 21 206 172 61 116 42 97 217 40 162 222 92 1 153 152 129 34 103 19 67 222 167 9 162 24 42 25 57 231 134 106 32 65 144 110 169 238 97 188 100 114 171 12 76 111 144 231 103 159 134 9 35 213 171 42 69 165 200 243 152 96 223 218 154 44 246 176 39 54 39 188 41 213 86 106 106 47 179 99 187 44 71 34 131 221 237 145 179 5 159 4 112 94 159
15 21 21 13 15 33 7 9 8 14 13 33 5 8 15 32 31 23 11 21 14 10 35 32 13 18 33 12 24 24 10 35 33 25 32 6
89 160 245 216 92 91 59 183 17 50 83 117 139 195 170 86 71 146 233 71 247 219 32 24 52 246 200 172 249 144 84 24 132 242 109 124 204 135 35 173 258 78 25 3 158 230 158 106 240 51 30 125 111 159 92 253 213 16 28 106 247 121 186 245 102 1 206 96 77 21 172 256 34 143 161 3 234 155 79 119 149 147 101 81 103 203 175 165 203 115 46 28 35 131 229 110 61 32 57 223 252 188 219 87 194 142 78 170 140 196 136 130 137 165 102 179 198 165 123 70 246 252 171 145 126 135 209 160 144 190 58 52 31 93 108 209 141 121 119 192 217 44 250 239 210 230 223 243 203 24 164 76 100 114 58 7 50 193 76 212 235 145 58 84 203 89 102 224 185 9 225 200 1 142 207 225 217 167 229 150 231 52 47 148 153 104 255 252 94 30 33 247 247 113 257 243 154 17 254 211 157 189 12 77 101 7 14 222 168 65 200 49 126 208 37 80 191 200 204 25 255 72 58 194 33 65 221 92 55 16 162 211 38 98 88 208 163 235 227 28 83 29 158 6 50 100 137 158 38 223 243 162 157 165 41 24 200 66 224 57 218
83 80 142 50 114 18 145 28 42 138 98 101 115 17 22 162 122 146 3 79 26 149 133 46 93 17 123 115 129 33 52 43 103 39 148 62 90 92 35 17 161 126 44 6 103 18 42 5 82 63 43 95 158 78 89 71 168 17 75 147 25 15 45 47 2 110 113 37 63 63 86 33 88 123 96 7 17 61 61 26 134 145 6 3 144 110 31 47 13 14 62 65 10 125 8 41 106 50 127 70 151 59 103 151 133 107 75 167 41 69 14 92 144 149 112 40 124 154 118 59 20 69 34 167 55 167 76 89 102 150 36 112 46 143 147 148 169 132 141 147 167 65 106 142 74 154 144 18 69 85 163 77 27 136 17 61 114 10 108 10 85 27 158 37 145 105 89 123 123 15 52 164 173 93
94 80 16 73 78 31 27 59 8 29 64 52 82 21 95 86 42 87 37 86 26 28 84 36 92 79 90 29 53 24 30 56 28 5 20 11 10 38 30 74 60 41 64 67 2 62 81 33 4 67 45 15 39 5 66 89 29 17 89 27 57 16 8 6 87 68 71 2 82 2 40 7 72 25 74 20 72 81 39 53 6 88 24 58 35 62 75 75 51 53 87 73 93 90 28 59 24
39 52 49 1 41 53 21 50 19 38 34 15 33 54 35 13 19 53 22 48 29 30 30 23 33 47 49 18 4 27 36 35 46 55 43 39 34 43 55 13 50 20 57 37 21 38 56 27 21 1 46 40 5 26 19 56 10 42 10 42
13 13 70 29 30 27 17 52 69 59 56 15 72 70 28 30 18 77 34 32 31 43 48 62 4 54 29 35 79 19 42 43 51 34 8 74 74 21 29 17 15 19 54 67 1 41 30 41 30 22 4 66 32 38 52 44 67 39 30 60 13 15 60 10 67 54 79 31 21 33 57 22 32 25 61 78 42 10 7 7
39 72 9 7 76 106 76 99 87 40 69 48 27 33 3 38 54 34 72 29 4 23 21 63 9 10 46 68 85 57 82 47 36 46 99 9 99 3 56 36 22 84 9 68 9 106 8 35 19 19 98 80 35 19 100 58 53 87 33 70 55 47 13 73 4 43 44 62 102 76 93 1 42 49 106 4 84 31 77 1 61 95 87 4 28 78 33 59 46 11 82 94 56 96 70 93 23 7 98 15 44 91 85 41 107 10 37 45 98
45 2 80 40 46 22 28 10 29 20 53 43 24 18 61 20 24 13 45 9 84 2 33 13 6 25 26 43 56 86 85 42 39 88 57 11 17 72 61 25 37 79 81 39 31 28 17 65 31 23 62 81 9 63 49 82 3 7 64 75 45 1 20 56 52 12 25 73 9 67 56 2 1 58 40 57 86 10 40 38 48 11 26 78 75 26 21 47 62
189 199 169 44 56 224 220 11 80 2 175 208 154 170 206 68 77 90 81 207 93 87 151 239 216 234 42 82 122 222 83 40 108 185 62 110 76 19 217 207 57 216 174 118 30 79 60 195 217 185 186 60 236 194 126 127 54 122 130 168 93 124 20 107 95 226 2 187 106 165 144 41 152 74 33 218 180 137 56 227 130 136 124 132 168 133 155 86 25 118 121 50 34 143 156 159 192 173 87 71 50 195 149 71 47 144 106 173 27 120 67 204 5 172 148 50 130 133 93 208 134 199 15 17 205 31 111 36 101 1 39 221 186 140 40 139 124 150 75 130 57 144 169 89 91 103 105 87 23 234 191 184 153 18 51 16 229 225 94 102 183 51 7 168 39 94 55 192 91 236 138 194 219 95 24 62 228 58 216 67 216 152 222 120 81 107 134 209 66 83 28 129 165 182 198 136 74 36 63 44 178 93 3 213 147 240 201 234 196 43 40 71 193 18 83 38 152 194 116 25 97 143 45 53 197 159 27 189 94 225 173 12 43 200 172 12 133 211 145 66 90 59
213 90 212 44 13 118 24 272 57 87 58 232 87 109 163 276 193 183 131 51 132 236 202 32 151 152 81 231 184 55 112 149 234 218 135 45 198 204 277 185 218 134 150 193 225 225 90 16 3 132 214 17 9 84 63 255 16 31 2 92 144 35 71 178 113 8 258 212 265 256 199 223 5 8 230 119 25 64 2 47 239 25 97 188 35 31 13 153 86 247 162 6 229 192 149 23 36 22 93 57 136 124 35 133 69 84 262 236 157 214 126 76 244 207 55 28 195 27 278 47 132 27 97 114 78 44 57 164 211 45 27 191 170 154 25 141 74 236 254 91 200 117 270 10 9 22 94 267 30 155 5 233 100 129 255 82 14 10 168 57 190 153 127 168 51 190 196 233 124 231 31 38 69 154 163 129 124 272 65 11 265 132 51 124 18 89 216 65 134 217 134 198 157 228 206 278 159 246 111 247 180 215 187 219 163 221 210 64 250 89 159 106 275 123 84 102 65 182 187 210 190 25 137 5 272 169 193 162 20 245 264 274 182 51 106 184 36 25 245 84 256 222 105 121 152 109 200 42 11 135 89 264 19 34 36 248 222 195 250 33 33 135 198 222 232 273 120 224 50 246 14 111 155 149 147 143 150 172 238
