71 14
2 93 66 27 41 99 49 68 60 16 45 21 71 96 89 91 60 21 43 9 56 48 25 96 91 99 73 22 48 32 27 71 72 90 9 62 68 70 77 98 2 32 69 51 99 35 47 83 82 43 87 47 40 54 53 85 78 31 98 26 56 100 88 43 77 81 58 31 46 70 57 
1 1 0 1 0 1 1 0 1 0 0 0 0 1 1 1 0 0 1 1 1 1 0 0 0 0 0 1 0 0 1 1 1 0 0 1 0 1 1 1 0 0 0 1 0 1 1 0 0 0 0 0 1 1 0 1 1 0 0 1 0 1 1 0 1 1 0 1 1 1 1 
38 24
54 56 57 73 33 58 4 44 100 49 44 19 69 85 37 73 90 7 81 18 13 94 38 53 14 65 31 34 41 60 7 44 2 83 10 83 45 68 
0 0 0 1 0 0 0 1 0 0 1 0 1 0 0 0 0 1 1 1 0 0 1 1 1 0 1 0 0 1 0 1 0 1 1 0 0 1 
63 57
42 3 59 29 14 88 45 25 6 94 63 68 77 63 90 56 25 63 63 85 90 27 38 34 9 29 41 81 52 42 70 3 49 29 17 65 62 75 91 1 62 49 47 7 71 10 48 28 60 67 59 77 52 12 13 7 14 21 94 48 47 35 34 
1 0 1 0 1 1 0 0 1 0 0 0 1 0 1 0 0 0 1 0 1 0 1 1 1 1 1 1 1 1 1 0 0 0 1 1 1 1 1 1 1 1 0 0 1 1 0 0 1 0 0 1 0 0 0 1 1 1 1 0 1 1 0 
96 84
43 19 18 34 89 10 56 16 55 21 77 49 56 48 77 68 57 55 49 43 5 51 34 62 32 13 6 92 8 49 77 72 54 11 13 31 54 78 2 52 43 61 66 6 1 56 80 47 50 39 9 82 66 97 55 60 19 90 1 64 56 52 67 91 1 64 32 47 41 93 73 76 53 54 87 35 19 96 29 70 51 78 46 41 15 31 60 63 86 2 99 36 81 54 18 4 
1 0 0 1 1 1 1 0 1 0 0 0 0 0 0 1 0 0 0 0 1 0 1 1 0 1 1 0 0 0 1 0 1 1 0 0 0 1 1 0 1 1 0 1 0 0 1 0 0 0 1 0 0 1 0 0 0 1 1 1 0 0 1 1 0 0 1 0 1 1 0 0 0 1 1 0 0 1 0 1 0 1 0 1 1 1 1 0 0 1 1 1 1 1 0 1 
63 24
32 46 75 12 95 9 20 38 79 20 36 13 53 17 1 93 23 47 34 87 65 16 89 15 87 12 57 40 81 3 47 42 13 41 7 79 63 84 58 4 82 98 94 79 71 10 57 66 75 45 72 30 95 9 71 51 84 62 91 6 68 17 57 
0 0 1 0 0 1 1 0 0 0 0 0 1 0 0 1 0 1 1 0 1 0 1 0 0 1 1 0 0 1 1 1 0 0 1 0 0 1 1 1 1 0 1 0 1 1 0 1 0 1 0 1 0 1 0 0 1 0 1 0 1 1 0 
50 33
14 81 39 62 62 81 96 48 88 33 26 35 48 79 22 66 53 4 88 86 37 36 39 59 11 46 39 79 13 96 56 53 44 26 22 11 31 86 20 91 7 54 90 56 16 49 88 82 86 73 
0 0 0 0 0 1 1 0 0 0 1 1 1 0 0 1 1 1 0 0 1 0 1 0 0 0 0 1 0 0 0 1 1 1 0 1 0 1 1 0 0 1 0 1 1 1 0 1 0 0 
44 23
15 73 60 45 34 94 41 34 13 70 75 23 23 29 10 11 95 25 58 28 2 24 56 61 55 76 75 87 25 56 80 65 96 8 3 66 22 75 100 94 2 52 45 21 
1 0 1 0 1 0 0 0 1 0 0 1 0 0 0 0 1 1 1 0 1 0 1 0 1 0 1 1 0 0 1 1 0 1 0 0 0 0 0 0 1 1 1 1 
74 65
18 13 7 58 95 84 34 94 10 86 3 66 3 40 60 69 43 4 69 18 69 23 35 85 82 50 31 53 89 9 99 72 30 10 40 100 39 4 7 89 25 30 14 99 21 8 50 66 90 87 37 35 54 19 81 13 100 24 32 29 61 82 6 97 73 100 86 52 65 47 3 40 11 1 
0 1 0 0 0 0 1 1 1 1 1 0 0 1 0 0 0 1 1 0 1 1 0 0 1 0 1 0 1 1 1 1 0 1 1 0 0 0 1 0 1 1 0 1 0 0 1 0 1 1 0 0 1 1 1 1 0 1 0 0 1 1 1 0 0 1 1 0 0 0 0 0 1 0 
39 18
31 29 49 33 76 61 40 35 60 79 66 41 62 97 53 4 1 85 68 66 81 99 33 46 25 33 19 97 63 37 28 97 58 3 64 98 5 47 1 
1 0 1 0 1 1 1 0 1 0 1 1 1 1 0 0 1 1 0 0 1 1 0 0 0 0 1 1 1 1 1 0 1 1 1 0 1 0 0 
73 25
96 80 3 89 55 12 5 67 17 64 16 61 68 52 54 74 33 32 77 73 11 98 64 37 73 22 77 37 67 90 27 28 72 49 36 90 28 44 64 52 59 1 52 44 75 99 80 90 27 20 61 38 2 100 12 45 15 74 40 68 80 10 61 36 92 5 13 25 99 33 10 40 7 
1 0 1 1 1 0 0 0 1 0 1 1 1 0 1 0 1 0 0 1 0 1 0 0 0 1 1 0 1 0 0 0 1 0 0 1 1 0 0 1 0 0 0 1 1 0 0 0 0 1 1 0 0 0 0 0 1 0 1 1 0 1 0 1 0 0 0 0 0 1 0 0 1 
