15
2 8 5 14 19 19
16 2 1 2 16 7 0 1 5 7
5 14 5 16
3 16 15 18 15 7 9
13 13 7
6 0 16 0 19 9
10 8 18 6 3 19
5 10
4 12 9 6 1 4
15
9 9 16 12
6 20 2
12 11
4 19 13 3 14 1 20 2 0
5 11 12 2 13 14 15
7 5 20 3
7 13 17 1 3 11 20 5 3
5 0 0 7 10 7 5 10 13 3
3 16 3 20 2 8 17 14 10 14
11 19 11 20 7
2 17 11 9 7 10 10 20
15
13 4 19 16 15 8 17 9 4
14 19 9 9 6 12
1 9 0 6 17 13 5
8 15 19 1 14 16 0 6
6 3 0 6 0 7
20 18 0 7 18 18
14 5 11 20 16 12 9 3 14
2 8 16 11 6
18 20
13 16 15 20 8 0 7 4 9
10 13 16 8
2 18 11 15
19 1 13 6 5 16
14 19 3 4 17 1 18 20 9 8
2 14
4 15 1 5
9
13 6 11 13 1 10 10 4
18 9 11
16 18 14 17 3
0 1 8 5
9 5 18 8 1 13 3 6 20 14
3 5 20 1 1 8 4 19 16 11
6 17 20 13 7 0 8 9
20 10 6 14 13 7 12 6 18
12 1 11 20 12
4 10 13
1 14
12 18
1 19 20 18 20 17 20
4 14 7 19 17 17 3 3 7
10 9 13 5
1 9 3 18 0 15 14 19 9
7
12 3 7 18 16
0 12
7 16
12 10 2 3 19
10 9 4 2 20 12 10 10 3
12 4 0 11
2
8 18
18 2
7 3 9 18 13 20 16 16
11 7 3 0 16 10 17 1
13 2 5 14 15 3 10
8 3 14 3 18 18 4
13 3 13 1 19 2
16 20 13 20
18 6 12 3 15 18
3
6 6 9 13 8 20 12 5
9 7 1 16 20
20 20 5 7 1 11 1 12 12
11 13 1 2 5 14
12 2 7
20 17 2 0 19 11 19
5 0 8 8 2 0 15 8
5 2 14 4 20 1 0
12 4 7 2 1 11
19 2 7
11 8 19 9
9 19 18 13 13 14 15 12
8 7 19 15 7
3
16 17 11 10 4 11 5 7 19
4 20 20 9 12 17 11 9
19 19 1
2 4 8
17 1 6 4 5 5 0 15 12 10
8 9 18 7 16 5 1
6 9 9 7
3 0 15 7 16 10 4 7 5
15 15 11 4 16 3 0
13 19 18 19 4 2 9 4 13
2 2
13 1 7 3 10 2 11
