663
8291
7673
1231
2205
9260
7030
9866
4247
9352
6688
8473
8389
2658
3381
132
2525
6953
3757
8950
262
5991
2458
8517
1891
8703
8988
4475
7266
4683
5848
5629
5146
8868
1235
7985
4415
1278
7471
7320
5259
3179
4416
651
1395
9583
7818
543
5219
4295
5250
2188
9845
5962
433
8803
4961
7421
5104
8928
8175
3781
1294
5154
7872
764
5210
5555
3633
8216
5632
8181
7532
571
3049
5226
4205
8152
7798
2511
1099
8752
9192
3918
8807
7511
4698
6707
4723
8205
2700
6251
7496
4454
3242
5100
4761
727
3461
8218
3150
6768
3641
8857
5922
46
9759
6609
4515
1813
39
1925
2815
1032
6468
1594
5149
7835
8385
8108
1903
3310
8373
6328
8203
2664
7094
9064
7330
9874
2352
9046
5263
621
4749
8485
1953
2995
2963
8014
6253
8983
3711
1756
8250
4377
4009
8585
847
7590
2269
9161
7390
5559
5301
7496
6160
5400
8864
6631
2644
2360
1555
3400
6374
8138
7288
1422
4037
9763
8885
4260
166
6290
1121
343
496
8508
7085
5719
9169
5136
7673
2781
5835
7341
9887
1529
533
7538
5889
409
183
695
8232
8650
5591
339
975
8126
6686
5472
4898
7037
4693
2077
998
3714
3828
7313
6781
2656
4166
7070
637
4522
9503
924
9971
347
1549
4412
6421
6191
6119
1329
6533
8501
5282
5195
4376
1681
5039
6932
9481
5000
6584
8171
357
5449
806
6308
6332
1116
8370
7829
3582
5718
4110
8212
4113
7549
431
5602
8734
3545
5909
6188
5933
4848
6544
81
2679
6732
2504
9273
825
6135
1862
9138
932
4802
8565
7374
2362
1997
3346
8930
3959
1700
8297
4527
2641
9829
7479
7399
2398
3492
662
4448
5779
4822
6782
1474
3362
320
2748
2696
3694
4832
2935
7720
3743
6326
9804
5156
8911
5703
1567
3789
9645
1083
7762
537
5046
6835
957
1540
1112
5588
4906
9236
9437
4553
6528
2861
7028
2628
5765
8870
2104
1396
95
6618
4779
8649
2828
8298
1570
787
1464
2508
6945
4643
9552
7374
2296
3788
4711
6453
5014
4682
2058
6188
4985
2285
4286
9011
7705
9690
4810
3877
9631
455
3756
2098
9112
2985
7568
4838
6353
6590
7578
2989
9438
32
886
2431
245
7524
626
6042
9788
3658
9729
7494
4083
2980
4956
7884
7364
8704
3724
7675
8203
7684
6274
7473
8669
9477
9714
7531
6982
2538
8657
2958
5001
1454
9991
9812
7780
9349
8863
7319
9467
9071
2367
6776
4192
4127
8419
2328
1178
2475
1605
2142
686
5211
2976
4324
8316
7943
6095
3893
3658
6618
9692
4424
8733
8096
9776
4021
1897
5786
2389
3382
5179
7485
8810
562
610
4500
814
734
3581
7654
1972
79
7385
3730
9624
2605
9455
9677
4068
2537
8932
4175
1704
6735
4585
7814
2062
2411
3463
2464
6514
8415
9291
257
4925
7969
9013
5923
3586
9766
9855
9444
3787
8122
2271
9855
465
9540
7711
2448
5190
8493
4432
5940
3969
3730
7094
8597
9324
3100
6594
8584
2021
2516
2894
8568
497
6654
6093
5694
2209
32
394
3022
703
2126
5956
4832
2130
1999
7195
1879
3679
7006
1967
1403
7981
6171
5656
3331
7544
1084
6949
4191
1911
9581
8702
3847
5716
9798
9390
7796
5797
7512
4660
3140
1394
7870
1557
8475
9055
6737
4727
8876
9029
1399
4499
3097
391
5772
10
3210
1480
9263
1332
6911
1908
9243
2285
5141
1644
1609
4240
5083
9197
1399
1585
6805
9180
7958
586
5619
4746
162
1186
2377
7017
4280
7422
8057
9699
217
9631
2252
265
174
4581
2572
4394
3444
6164
6196
2108
423
9308
411
9901
9610
1766
2808
4417
5760
8562
9217
2808
6953
2815
8013
442
3188
2182
6244
8575
5930
3396
1983
1951
3149
1790
4491
7191
7299
5095
5166
6981
739
3358
1235
8833
798
3113
3601
7653
2279
1258
8525
3470
8391
5691
7848
7805
5375
4402
2236
8554
8635
7520
736